50 0.5283675675675675 0.5092666666666666 0.05227027027027023 0.03123333333333335
13 0.5855459459459459 0.5663583333333333 0.05329189189189197 0.07130833333333328
49 0.4433567567567568 0.5838416666666667 0.0299945945945946 0.039558333333333355
49 0.40517297297297294 0.5837666666666667 0.03344324324324319 0.036949999999999934
69 0.44357297297297293 0.5571666666666667 0.027162162162162162 0.014624999999999963
61 0.34089729729729734 0.6474583333333334 0.029794594594594534 0.02722500000000006
13 0.7951297297297297 0.2738416666666667 0.05077837837837841 0.07054999999999997
12 0.948318918918919 0.27525 0.10336216216216206 0.06869166666666662
5 0.606372972972973 0.169575 0.026059459459459478 0.03988333333333335
49 0.5781945945945945 0.16795833333333335 0.02874054054054058 0.040358333333333336
28 0.5417027027027027 0.16795 0.040021621621621664 0.03377500000000003
54 0.5050432432432432 0.16961666666666667 0.02841621621621618 0.0375
49 0.4433513513513514 0.2871083333333333 0.03320540540540544 0.041491666666666635
49 0.4035405405405405 0.28884166666666666 0.031908108108108096 0.03754999999999995
21 0.32284864864864865 0.215925 0.03785405405405404 0.05475833333333334
21 0.28360540540540546 0.21636666666666665 0.036216216216216214 0.059358333333333346
13 0.10179459459459456 0.27423333333333333 0.0552972972972973 0.0750333333333333
59 0.18927567567567571 0.39368333333333333 0.07423783783783786 0.1829916666666667
65 0.03567567567567568 0.49541666666666667 0.07135135135135136 0.25916666666666666
35 0.011540540540540491 0.8254166666666667 0.022681081081081085 0.033558333333333315
67 0.26218918918918915 0.9067750000000001 0.10949729729729726 0.10980833333333331
49 0.3655189189189189 0.9396833333333332 0.031832432432432486 0.036041666666666666
49 0.3161351351351351 0.9383833333333332 0.017621621621621574 0.03589999999999994
60 0.6742054054054054 0.9370999999999999 0.018599999999999922 0.033341666666666846
60 0.6395567567567567 0.9380083333333332 0.021394594594594554 0.038858333333333425
36 0.7360702702702703 0.9883166666666667 0.03908648648648646 0.023366666666666636
53 0.9707783783783784 0.9425166666666667 0.03359999999999992 0.028116666666666484
53 0.9160378378378379 0.9371749999999999 0.033308108108108046 0.0310166666666665
61 0.9420108108108108 0.64695 0.03044864864864861 0.028041666666666742
28 0.7540054054054055 0.6426083333333333 0.041037837837837876 0.03990000000000009
2 0.49068108108108105 0.7833166666666667 0.019000000000000048 0.04392500000000003