50 0.4716324324324324 0.5092666666666666 0.05227027027027027 0.03123333333333333
13 0.41445405405405406 0.5663583333333333 0.053291891891891895 0.07130833333333332
49 0.5566432432432432 0.5838416666666667 0.029994594594594595 0.039558333333333334
49 0.594827027027027 0.5837666666666667 0.03344324324324324 0.036950000000000004
69 0.5564270270270271 0.5571666666666667 0.027162162162162162 0.014625
61 0.6591027027027027 0.6474583333333334 0.029794594594594593 0.027225000000000003
13 0.20487027027027027 0.2738416666666667 0.050778378378378376 0.07055
12 0.05168108108108108 0.27525 0.10336216216216217 0.06869166666666668
5 0.39362702702702707 0.169575 0.02605945945945946 0.03988333333333333
49 0.4218054054054054 0.16795833333333335 0.02874054054054054 0.040358333333333336
28 0.4582972972972973 0.16795 0.04002162162162162 0.033775
54 0.4949567567567567 0.16961666666666667 0.028416216216216216 0.0375
49 0.5566486486486486 0.2871083333333333 0.033205405405405404 0.04149166666666666
49 0.5964594594594594 0.28884166666666666 0.03190810810810811 0.03755
21 0.6771513513513514 0.215925 0.03785405405405406 0.054758333333333326
21 0.7163945945945945 0.21636666666666665 0.036216216216216214 0.05935833333333334
13 0.8982054054054054 0.27423333333333333 0.05529729729729729 0.07503333333333334
59 0.8107243243243243 0.39368333333333333 0.07423783783783784 0.18299166666666666
65 0.9641243243243244 0.49595 0.07175675675675676 0.25906666666666667
35 0.9884594594594595 0.8254166666666667 0.02268108108108108 0.033558333333333336
67 0.7378108108108108 0.9067750000000001 0.10949729729729729 0.10980833333333334
49 0.634481081081081 0.9396833333333332 0.03183243243243243 0.036041666666666666
49 0.6838648648648649 0.9383833333333332 0.017621621621621623 0.0359
60 0.3257945945945946 0.9370999999999999 0.0186 0.033341666666666665
60 0.3604432432432433 0.9380083333333332 0.021394594594594595 0.038858333333333335
36 0.2639297297297297 0.9883166666666667 0.03908648648648649 0.023366666666666668
53 0.029221621621621622 0.9425166666666667 0.0336 0.02811666666666667
53 0.08396216216216217 0.9371749999999999 0.03330810810810811 0.031016666666666665
61 0.05798918918918919 0.64695 0.030448648648648647 0.028041666666666666
28 0.24599459459459458 0.6426083333333333 0.04103783783783784 0.039900000000000005
2 0.5093189189189189 0.7833166666666667 0.019 0.043925