37 0.08687027027027028 0.8077416666666667 0.03783783783783784 0.03928333333333334
35 0.39614054054054054 0.827975 0.032432432432432434 0.041666666666666664
20 0.4579135135135135 0.8595250000000001 0.07104324324324325 0.07380833333333332
13 0.5227783783783784 0.891075 0.05096756756756757 0.07024166666666667
49 0.22162162162162163 0.9077416666666667 0.03397837837837838 0.03928333333333334
49 0.17181621621621623 0.9083333333333333 0.02084864864864865 0.03333333333333333
67 0.14247027027027026 0.8732166666666665 0.1057891891891892 0.115475
49 0.9849405405405406 0.8470249999999999 0.02394054054054054 0.041666666666666664
59 0.28378378378378377 0.35714166666666664 0.07335675675675676 0.18095
13 0.37220000000000003 0.24345 0.0556 0.06547499999999999
3 0.3490324324324324 0.16785833333333333 0.018535135135135133 0.028575
22 0.3698864864864865 0.17083333333333334 0.021621621621621623 0.029758333333333335
28 0.5328162162162162 0.16905 0.0416972972972973 0.03809166666666667
29 0.5019297297297297 0.16845 0.01698918918918919 0.034525
38 0.4264216216216216 0.16960833333333333 0.038994594594594596 0.03349166666666666
5 0.3935567567567568 0.17068333333333333 0.022837837837837837 0.03306666666666667
27 0.45413513513513515 0.17025 0.014762162162162161 0.03564166666666667
49 0.477254054054054 0.16853333333333334 0.030356756756756757 0.033925000000000004
44 0.470427027027027 0.5088833333333334 0.026405405405405407 0.032475
3 0.5994972972972973 0.66395 0.010383783783783785 0.016008333333333333
3 0.640145945945946 0.6598333333333333 0.009789189189189189 0.016008333333333333
3 0.6183405405405406 0.7026 0.009497297297297298 0.012808333333333333
3 0.578281081081081 0.7209 0.010681081081081081 0.017383333333333334
3 0.6324324324324324 0.7275333333333333 0.010383783783783785 0.014183333333333333
3 0.6736756756756757 0.7291333333333334 0.009789189189189189 0.014641666666666667
2 0.5079621621621622 0.7096916666666666 0.015427027027027026 0.03065
4 0.6280162162162162 0.6758333333333333 0.14422702702702703 0.141425
61 0.13182162162162162 0.616025 0.02684324324324324 0.028033333333333334
65 0.47378918918918916 0.48406666666666665 0.14295675675675676 0.291225
49 0.0681027027027027 0.2569666666666667 0.028605405405405408 0.034125
49 0.030816216216216216 0.2559166666666667 0.028264864864864864 0.034125
21 0.15016756756756758 0.18662499999999999 0.036772972972972974 0.053025
21 0.18898378378378378 0.185575 0.033372972972972974 0.053025