5 0.5967567567567568 0.15666666666666668 0.5805405405405405 0.15416666666666667 0.5837837837837838 0.17666666666666667 0.5913513513513513 0.18583333333333332 0.5994594594594594 0.185 0.6027027027027027 0.18083333333333335 0.6037837837837838 0.17 0.6021621621621621 0.165 0.5967567567567568 0.15666666666666668
49 0.5702702702702702 0.15166666666666667 0.5578378378378378 0.1525 0.5497297297297298 0.15666666666666668 0.5481081081081081 0.16666666666666666 0.5497297297297298 0.18333333333333332 0.5556756756756757 0.18583333333333332 0.5735135135135135 0.18416666666666667 0.5789189189189189 0.16583333333333333 0.5783783783783784 0.16 0.5702702702702702 0.15166666666666667
28 0.5210810810810811 0.17333333333333334 0.5151351351351351 0.15416666666666667 0.5091891891891892 0.15166666666666667 0.505945945945946 0.15583333333333332 0.5108108108108108 0.1775 0.5167567567567568 0.185 0.5405405405405406 0.18583333333333332 0.547027027027027 0.18333333333333332 0.5475675675675675 0.17833333333333334 0.5210810810810811 0.17333333333333334
6 0.552972972972973 0.4041666666666667 0.5378378378378378 0.4075 0.5275675675675676 0.39916666666666667 0.5221621621621622 0.4 0.5194594594594595 0.4075 0.5264864864864864 0.4216666666666667 0.5448648648648649 0.4241666666666667 0.5562162162162162 0.42 0.5572972972972973 0.41 0.552972972972973 0.4041666666666667
24 0.5064864864864865 0.49083333333333334 0.5027027027027027 0.4825 0.49891891891891893 0.485 0.49243243243243245 0.5041666666666667 0.4810810810810811 0.5141666666666667 0.4827027027027027 0.5291666666666667 0.5097297297297297 0.5316666666666666 0.5167567567567568 0.5291666666666667 0.52 0.515 0.514054054054054 0.4891666666666667 0.5064864864864865 0.49083333333333334
48 0.5367567567567567 0.5016666666666667 0.5297297297297298 0.485 0.5248648648648648 0.4841666666666667 0.5227027027027027 0.48583333333333334 0.5232432432432432 0.5075 0.5210810810810811 0.5166666666666667 0.5297297297297298 0.5291666666666667 0.5335135135135135 0.5308333333333334 0.538918918918919 0.5208333333333334 0.547027027027027 0.5133333333333333 0.5481081081081081 0.5033333333333333 0.5367567567567567 0.5016666666666667
38 0.5648648648648649 0.5091666666666667 0.5567567567567567 0.5133333333333333 0.5545945945945946 0.5166666666666667 0.552972972972973 0.5316666666666666 0.5735135135135135 0.5308333333333334 0.58 0.5216666666666666 0.5789189189189189 0.5133333333333333 0.5648648648648649 0.5091666666666667
57 0.46378378378378377 0.51 0.4589189189189189 0.5158333333333334 0.4556756756756757 0.525 0.4578378378378378 0.5325 0.4697297297297297 0.5341666666666667 0.4745945945945946 0.5291666666666667 0.47081081081081083 0.5091666666666667 0.46378378378378377 0.51
48 0.17567567567567569 0.4825 0.16972972972972972 0.4825 0.1643243243243243 0.49833333333333335 0.15027027027027026 0.505 0.15297297297297296 0.5141666666666667 0.16108108108108107 0.5216666666666666 0.1654054054054054 0.5316666666666666 0.17135135135135135 0.5308333333333334 0.17351351351351352 0.5241666666666667 0.18054054054054053 0.5158333333333334 0.17675675675675676 0.5 0.1783783783783784 0.48583333333333334 0.17567567567567569 0.4825
4 0.8243243243243243 0.42833333333333334 0.7881081081081082 0.39916666666666667 0.7686486486486487 0.39166666666666666 0.7556756756756757 0.3983333333333333 0.7432432432432432 0.41833333333333333 0.7291891891891892 0.4625 0.7075675675675676 0.5058333333333334 0.7016216216216217 0.5316666666666666 0.7043243243243243 0.5375 0.7102702702702702 0.5408333333333334 0.8210810810810811 0.5375 0.8308108108108108 0.5325 0.8362162162162162 0.525 0.8421621621621621 0.5083333333333333 0.8416216216216216 0.5025 0.8243243243243243 0.42833333333333334
3 0.7994594594594595 0.46166666666666667 0.798918918918919 0.4675 0.8043243243243243 0.47 0.8059459459459459 0.4675 0.8048648648648649 0.4608333333333333 0.7994594594594595 0.46166666666666667
3 0.8027027027027027 0.43416666666666665 0.8 0.43916666666666665 0.8043243243243243 0.44333333333333336 0.807027027027027 0.44083333333333335 0.807027027027027 0.43583333333333335 0.8027027027027027 0.43416666666666665
3 0.7675675675675676 0.4175 0.7654054054054054 0.42 0.7670270270270271 0.4275 0.7718918918918919 0.425 0.7713513513513514 0.4191666666666667 0.7675675675675676 0.4175
3 0.7380432432432433 0.4905 0.007259459459459371 0.01046666666666662
3 0.7168486486486487 0.5161333333333333 0.007027027027027027 0.01046666666666662
22 0.9893567567567567 0.5234583333333334 0.013713513513513454 0.018916666666666703
21 0.9417243243243244 0.4446083333333333 0.0346378378378378 0.05479166666666667