44 0.9951351351351352 0.8766666666666667 0.9956756756756757 0.9183333333333333 0.9945945945945946 0.9366666666666666 0.9924324324324324 0.9391666666666667 0.9945945945945946 0.9458333333333333 0.9913513513513513 0.955 0.9935135135135135 0.96 0.9935135135135135 0.9916666666666667 0.9913513513513513 0.9941666666666666 0.9994594594594595 0.9991666666666666 0.9994594594594595 0.8716666666666667
13 0.07783783783783783 0.7225 0.07837837837837838 0.7433333333333333 0.08432432432432432 0.7516666666666667 0.09081081081081081 0.7541666666666667 0.10324324324324324 0.7516666666666667 0.10864864864864865 0.7433333333333333 0.11351351351351352 0.7408333333333333 0.11675675675675676 0.7425 0.11783783783783784 0.7516666666666667 0.12324324324324325 0.7525 0.13027027027027027 0.7341666666666666 0.13027027027027027 0.7275 0.12702702702702703 0.7233333333333334 0.11837837837837838 0.7275 0.11459459459459459 0.725 0.11081081081081082 0.7016666666666667 0.10648648648648648 0.6925 0.1 0.6875 0.09243243243243243 0.6891666666666667 0.08756756756756756 0.6941666666666667 0.08324324324324324 0.7016666666666667
59 0.47945945945945945 0.49666666666666665 0.4837837837837838 0.49916666666666665 0.4864864864864865 0.5175 0.4783783783783784 0.54 0.47783783783783784 0.5483333333333333 0.4881081081081081 0.5666666666666667 0.48 0.5958333333333333 0.48324324324324325 0.63 0.4859459459459459 0.6358333333333334 0.4881081081081081 0.6183333333333333 0.49675675675675673 0.6216666666666667 0.49783783783783786 0.625 0.5016216216216216 0.6208333333333333 0.5043243243243243 0.6133333333333333 0.505945945945946 0.595 0.514054054054054 0.5816666666666667 0.5216216216216216 0.5875 0.5221621621621622 0.6033333333333334 0.5324324324324324 0.62 0.534054054054054 0.63 0.5367567567567567 0.6258333333333334 0.5372972972972972 0.6175 0.5345945945945946 0.615 0.5351351351351351 0.5333333333333333 0.5324324324324324 0.5066666666666667 0.5367567567567567 0.49 0.5367567567567567 0.4658333333333333 0.534054054054054 0.4625 0.5313513513513514 0.465 0.5248648648648648 0.4633333333333333 0.5108108108108108 0.49416666666666664 0.4881081081081081 0.49 0.4827027027027027 0.49166666666666664
21 0.3864864864864865 0.36083333333333334 0.38594594594594595 0.38083333333333336 0.3935135135135135 0.3933333333333333 0.40054054054054056 0.39416666666666667 0.40702702702702703 0.4 0.4118918918918919 0.3958333333333333 0.42 0.37583333333333335 0.4183783783783784 0.3575 0.41135135135135137 0.3541666666666667 0.4081081081081081 0.3441666666666667 0.40324324324324323 0.3441666666666667
35 0.43513513513513513 0.30666666666666664 0.43513513513513513 0.315 0.44432432432432434 0.32166666666666666 0.4572972972972973 0.3225 0.4648648648648649 0.31916666666666665 0.4616216216216216 0.2991666666666667 0.4524324324324324 0.29083333333333333
61 0.31675675675675674 0.8025 0.31675675675675674 0.8075 0.3248648648648649 0.815 0.3545945945945946 0.8141666666666667 0.34540540540540543 0.8091666666666667 0.3372972972972973 0.79 0.3291891891891892 0.7891666666666667
2 0.19135135135135134 0.9216666666666666 0.18864864864864864 0.9316666666666666 0.18864864864864864 0.9433333333333334 0.19297297297297297 0.9566666666666667 0.1972972972972973 0.9608333333333333 0.20378378378378378 0.9491666666666667 0.20270270270270271 0.925 0.20540540540540542 0.9191666666666667 0.19945945945945945 0.9166666666666666
4 0.772972972972973 0.8941666666666667 0.7713513513513514 0.9108333333333334 0.7778378378378379 0.9183333333333333 0.7794594594594595 0.9275 0.7902702702702703 0.9333333333333333 0.9037837837837838 0.9341666666666667 0.907027027027027 0.9316666666666666 0.9086486486486487 0.9241666666666667 0.9081081081081082 0.9091666666666667 0.9043243243243243 0.8966666666666666 0.8994594594594595 0.8941666666666667 0.8935135135135135 0.885 0.8875675675675676 0.865 0.8783783783783784 0.8616666666666667 0.8783783783783784 0.8475 0.8745945945945945 0.84 0.8697297297297297 0.8183333333333334 0.8616216216216216 0.8025 0.8421621621621621 0.7916666666666666 0.8372972972972973 0.7925 0.8291891891891892 0.8016666666666666 0.8221621621621622 0.8 0.8162162162162162 0.8133333333333334 0.7951351351351351 0.8216666666666667 0.7924324324324324 0.8258333333333333 0.7918918918918919 0.8358333333333333 0.7864864864864864 0.8416666666666667 0.7864864864864864 0.8525 0.7816216216216216 0.8608333333333333 0.7821621621621622 0.8683333333333333
65 0.6151351351351352 0.7133333333333334 0.6151351351351352 0.7241666666666666 0.6583783783783784 0.7558333333333334 0.7356756756756757 0.8075 0.7518918918918919 0.8158333333333333 0.7535135135135135 0.8141666666666667 0.7475675675675676 0.8058333333333333 0.7421621621621621 0.8033333333333333 0.7345945945945946 0.7908333333333334 0.7313513513513513 0.77 0.7367567567567568 0.7633333333333333 0.7324324324324324 0.7566666666666667 0.7421621621621621 0.71 0.7470270270270271 0.7033333333333334 0.7616216216216216 0.6991666666666667 0.7670270270270271 0.6916666666666667 0.7497297297297297 0.695 0.74 0.6891666666666667 0.7281081081081081 0.6608333333333334 0.7243243243243244 0.6441666666666667 0.7216216216216216 0.6108333333333333 0.7372972972972973 0.5816666666666667 0.7362162162162162 0.58 0.7151351351351352 0.5966666666666667 0.6967567567567567 0.585 0.687027027027027 0.5725 0.6713513513513514 0.5416666666666666 0.6718918918918919 0.5216666666666666 0.6681081081081081 0.5233333333333333 0.6551351351351351 0.565 0.6335135135135135 0.6391666666666667
44 0.45837837837837836 0.5033333333333333 0.4578378378378378 0.5166666666666667 0.4664864864864865 0.5233333333333333 0.4756756756756757 0.5216666666666666 0.4843243243243243 0.5091666666666667 0.4843243243243243 0.5008333333333334 0.47945945945945945 0.49583333333333335 0.4643243243243243 0.4975
3 0.8086486486486486 0.8466666666666667 0.8081081081081081 0.8533333333333334 0.8108108108108109 0.8583333333333333 0.8172972972972973 0.8566666666666667 0.8183783783783783 0.8483333333333334 0.8156756756756757 0.8425 0.8118918918918919 0.8425
3 0.8497297297297297 0.8408333333333333 0.8502702702702702 0.8558333333333333 0.8535135135135136 0.8583333333333333 0.8589189189189189 0.8516666666666667 0.86 0.8441666666666666 0.8572972972972973 0.8391666666666666
3 0.7891891891891892 0.9 0.7864864864864864 0.9041666666666667 0.7881081081081082 0.9141666666666667 0.7956756756756757 0.9141666666666667 0.7983783783783783 0.9083333333333333 0.7978378378378378 0.9025 0.7945945945945946 0.8975
3 0.8827027027027027 0.9108333333333334 0.8821621621621621 0.9183333333333333 0.8848648648648648 0.9233333333333333 0.892972972972973 0.9216666666666666 0.8935135135135135 0.9125 0.8891891891891892 0.9058333333333334
58 0.4259459459459459 0.4075 0.42702702702702705 0.4191666666666667 0.4540540540540541 0.42 0.4594594594594595 0.42333333333333334 0.4616216216216216 0.43916666666666665 0.4664864864864865 0.43916666666666665 0.4756756756756757 0.43166666666666664 0.48324324324324325 0.42 0.49405405405405406 0.38916666666666666 0.5 0.3825 0.5232432432432432 0.38666666666666666 0.538918918918919 0.3975 0.5551351351351351 0.4041666666666667 0.5772972972972973 0.4058333333333333 0.5794594594594594 0.3983333333333333 0.5691891891891891 0.38416666666666666 0.5421621621621622 0.3625 0.5010810810810811 0.31416666666666665 0.4945945945945946 0.31 0.4821621621621622 0.30916666666666665 0.47675675675675677 0.31666666666666665 0.47621621621621624 0.3258333333333333 0.47945945945945945 0.3325 0.4972972972972973 0.3458333333333333 0.49567567567567566 0.36083333333333334 0.4881081081081081 0.38 0.4821621621621622 0.3875 0.4664864864864865 0.38666666666666666 0.4410810810810811 0.3908333333333333
3 0.827027027027027 0.8866666666666667 0.8264864864864865 0.8941666666666667 0.8297297297297297 0.8983333333333333 0.8362162162162162 0.8958333333333334 0.8378378378378378 0.8916666666666667 0.8345945945945946 0.8808333333333334
35 0.6567567567567567 0.975 0.658918918918919 0.9908333333333333 0.6616216216216216 0.995 0.6708108108108108 0.9991666666666666 0.6832432432432433 0.9966666666666667 0.6864864864864865 0.9925 0.6875675675675675 0.9791666666666666 0.6848648648648649 0.9708333333333333 0.6772972972972973 0.9625 0.6697297297297298 0.9616666666666667
3 0.8416216216216216 0.91 0.8432432432432433 0.9216666666666666 0.8475675675675676 0.9225 0.8513513513513513 0.9191666666666667 0.8518918918918919 0.9116666666666666 0.8491891891891892 0.9075 0.8454054054054054 0.9058333333333334
22 0.3589189189189189 0.17083333333333334 0.3583783783783784 0.18083333333333335 0.3627027027027027 0.18583333333333332 0.37027027027027026 0.18416666666666667 0.37675675675675674 0.17666666666666667 0.3762162162162162 0.16333333333333333 0.37351351351351353 0.15916666666666668 0.36324324324324325 0.16083333333333333
27 0.44756756756756755 0.15416666666666667 0.44972972972972974 0.16083333333333333 0.4448648648648649 0.1825 0.4502702702702703 0.18583333333333332 0.46 0.1825 0.4627027027027027 0.1775 0.4616216216216216 0.17 0.4562162162162162 0.16333333333333333 0.4524324324324324 0.1525
5 0.38054054054054054 0.16583333333333333 0.3810810810810811 0.18083333333333335 0.3837837837837838 0.185 0.3935135135135135 0.18583333333333332 0.40054054054054056 0.17833333333333334 0.40540540540540543 0.1625 0.40486486486486484 0.15666666666666668 0.4016216216216216 0.1525 0.3881081081081081 0.15583333333333332
3 0.3389189189189189 0.16583333333333333 0.3389189189189189 0.17666666666666667 0.34540540540540543 0.18583333333333332 0.352972972972973 0.185 0.3583783783783784 0.1775 0.35783783783783785 0.16416666666666666 0.3497297297297297 0.15333333333333332 0.34162162162162163 0.15916666666666668
21 0.34864864864864864 0.36 0.34702702702702704 0.38 0.35405405405405405 0.385 0.3545945945945946 0.3925 0.3637837837837838 0.3958333333333333 0.3654054054054054 0.39916666666666667 0.37243243243243246 0.3975 0.37945945945945947 0.37916666666666665 0.3827027027027027 0.37666666666666665 0.38054054054054054 0.35583333333333333 0.372972972972973 0.35333333333333333 0.36972972972972973 0.3441666666666667 0.36486486486486486 0.3441666666666667
49 0.46378378378378377 0.1575 0.4627027027027027 0.16666666666666666 0.4664864864864865 0.18333333333333332 0.4821621621621622 0.18666666666666668 0.4908108108108108 0.1825 0.492972972972973 0.16583333333333333 0.4908108108108108 0.1575 0.4821621621621622 0.1525 0.46918918918918917 0.1525
29 0.49513513513513513 0.16083333333333333 0.4935135135135135 0.16833333333333333 0.49513513513513513 0.18083333333333335 0.5 0.185 0.5054054054054054 0.18416666666666667 0.5097297297297297 0.17583333333333334 0.5075675675675676 0.15916666666666668 0.5010810810810811 0.1525
38 0.40594594594594596 0.1625 0.4064864864864865 0.17416666666666666 0.4151351351351351 0.1825 0.42486486486486486 0.18333333333333332 0.4345945945945946 0.17833333333333334 0.4427027027027027 0.18416666666666667 0.44594594594594594 0.18166666666666667 0.44216216216216214 0.16333333333333333 0.43945945945945947 0.15916666666666668 0.42702702702702705 0.15416666666666667 0.41135135135135137 0.15583333333333332
28 0.5118918918918919 0.17666666666666667 0.5113513513513513 0.18083333333333335 0.5167567567567568 0.18583333333333332 0.5394594594594595 0.18583333333333332 0.5464864864864865 0.17916666666666667 0.5475675675675675 0.16833333333333333 0.5513513513513514 0.1625 0.5518918918918919 0.15666666666666668 0.5491891891891892 0.1525 0.5443243243243243 0.15416666666666667 0.5378378378378378 0.17583333333333334