49 0.4648648648648649 0.15666666666666668 0.4627027027027027 0.16083333333333333 0.4627027027027027 0.16416666666666666 0.46594594594594596 0.17583333333333334 0.4664864864864865 0.1825 0.4756756756756757 0.18583333333333332 0.4837837837837838 0.18583333333333332 0.4843243243243243 0.185 0.48864864864864865 0.185 0.49027027027027026 0.18333333333333332 0.4918918918918919 0.16083333333333333 0.4897297297297297 0.15666666666666668 0.4859459459459459 0.15416666666666667 0.48 0.1525 0.46756756756756757 0.15333333333333332
29 0.4945945945945946 0.16166666666666665 0.492972972972973 0.16833333333333333 0.492972972972973 0.17666666666666667 0.49567567567567566 0.1825 0.4983783783783784 0.185 0.5005405405405405 0.185 0.5010810810810811 0.18583333333333332 0.5043243243243243 0.185 0.5070270270270271 0.1825 0.5097297297297297 0.17666666666666667 0.5102702702702703 0.17083333333333334 0.5097297297297297 0.17 0.5091891891891892 0.16333333333333333 0.505945945945946 0.15416666666666667 0.5021621621621621 0.15166666666666667 0.4983783783783784 0.15333333333333332
28 0.5135135135135135 0.17666666666666667 0.5124324324324324 0.1775 0.5124324324324324 0.18166666666666667 0.5167567567567568 0.185 0.5405405405405406 0.185 0.5448648648648649 0.18166666666666667 0.547027027027027 0.1775 0.5497297297297298 0.16333333333333333 0.5518918918918919 0.16083333333333333 0.5518918918918919 0.15583333333333332 0.5497297297297298 0.1525 0.5464864864864865 0.1525 0.5437837837837838 0.15416666666666667 0.5410810810810811 0.16 0.5410810810810811 0.16416666666666666 0.5383783783783784 0.175 0.5372972972972972 0.17583333333333334 0.5286486486486487 0.17416666666666666 0.5216216216216216 0.17833333333333334 0.5156756756756756 0.17833333333333334
3 0.33837837837837836 0.16666666666666666 0.33783783783783783 0.17333333333333334 0.3389189189189189 0.1775 0.34216216216216216 0.18333333333333332 0.34540540540540543 0.18583333333333332 0.35081081081081084 0.18583333333333332 0.35135135135135137 0.185 0.352972972972973 0.185 0.3583783783783784 0.17666666666666667 0.3589189189189189 0.16916666666666666 0.35783783783783785 0.16416666666666666 0.35621621621621624 0.16083333333333333 0.3491891891891892 0.15333333333333332 0.3491891891891892 0.1525 0.34162162162162163 0.15916666666666668
5 0.3810810810810811 0.16583333333333333 0.38054054054054054 0.17333333333333334 0.3810810810810811 0.17416666666666666 0.3816216216216216 0.18166666666666667 0.38432432432432434 0.185 0.3864864864864865 0.18583333333333332 0.39297297297297296 0.18583333333333332 0.3972972972972973 0.1825 0.4010810810810811 0.17666666666666667 0.4043243243243243 0.16583333333333333 0.40486486486486484 0.15666666666666668 0.40324324324324323 0.15333333333333332 0.4016216216216216 0.1525 0.3978378378378378 0.1525 0.3940540540540541 0.155 0.3886486486486487 0.15583333333333332 0.3854054054054054 0.15833333333333333
27 0.452072972972973 0.16491999999999998 0.4485102702702703 0.1711625 0.4464864864864865 0.18166666666666667 0.4486486486486487 0.185 0.4502702702702703 0.18583333333333332 0.4545945945945946 0.185 0.4594594594594595 0.18166666666666667 0.4616216216216216 0.1775 0.4616216216216216 0.17333333333333334 0.46054054054054056 0.17166666666666666 0.45466972972972974 0.16044833333333333 0.45158972972972977 0.1505725 0.4485102702702703 0.15206333333333333
11 0.7416216216216216 0.5708333333333333 0.7416216216216216 0.5875 0.745945945945946 0.6008333333333333 0.7562162162162163 0.6041666666666666 0.7643243243243243 0.5991666666666666 0.7675675675675676 0.5925 0.7697297297297298 0.5816666666666667 0.7691891891891892 0.5683333333333334 0.7578378378378379 0.5425 0.7556756756756757 0.5408333333333334 0.7475675675675676 0.5525
58 0.5167567567567568 0.6783333333333333 0.5183783783783784 0.6858333333333333 0.5264864864864864 0.6866666666666666 0.5421621621621622 0.6833333333333333 0.5756756756756757 0.6666666666666666 0.5927027027027028 0.6633333333333333 0.6048648648648649 0.6766666666666666 0.6113513513513513 0.6983333333333334 0.6178378378378379 0.71 0.6308108108108108 0.72 0.6345945945945946 0.72 0.6345945945945946 0.71 0.6410810810810811 0.7016666666666667 0.6659459459459459 0.7016666666666667 0.6713513513513514 0.6933333333333334 0.6708108108108108 0.6883333333333334 0.654054054054054 0.67 0.6491891891891892 0.6716666666666666 0.6356756756756756 0.6675 0.6172972972972973 0.67 0.6086486486486486 0.6625 0.5978378378378378 0.6333333333333333 0.5994594594594594 0.6258333333333334 0.6043243243243244 0.6191666666666666 0.6145945945945946 0.6158333333333333 0.6189189189189189 0.6091666666666666 0.6189189189189189 0.5975 0.6113513513513513 0.5908333333333333 0.6016216216216216 0.5908333333333333 0.5951351351351352 0.595 0.5513513513513514 0.645 0.5275675675675676 0.665
58 0 0.6241916666666666 0.06628162162162161 0.5553508333333333 0.08131405405405406 0.57245 0.05895783783783784 0.6066466666666667 0.11042486486486487 0.6392858333333333 0.12200756756756757 0.6678575 0.09498054054054055 0.6833333333333333 0.06949783783783783 0.6714283333333334 0.0517372972972973 0.6321425 0.000947027027027027 0.6539283333333333
44 0.4594594594594595 0.5008333333333334 0.45675675675675675 0.505 0.45675675675675675 0.5158333333333334 0.4627027027027027 0.5225 0.47783783783783784 0.5225 0.4843243243243243 0.5075 0.4843243243243243 0.5016666666666667 0.4805405405405405 0.49583333333333335 0.46594594594594596 0.49666666666666665
38 0.4064864864864865 0.16 0.40594594594594596 0.17333333333333334 0.41405405405405404 0.18166666666666667 0.4243243243243243 0.18333333333333332 0.43405405405405406 0.17833333333333334 0.44324324324324327 0.18416666666666667 0.4448648648648649 0.18083333333333335 0.4427027027027027 0.165 0.4383783783783784 0.15833333333333333 0.4221621621621622 0.15416666666666667 0.41081081081081083 0.15583333333333332
22 0.35945945945945945 0.17 0.3589189189189189 0.1825 0.3621621621621622 0.18583333333333332 0.36864864864864866 0.185 0.3762162162162162 0.17833333333333334 0.37675675675675674 0.16166666666666665 0.36486486486486486 0.15916666666666668
34 0.6351351351351351 0.5033333333333333 0.6335135135135135 0.5058333333333334 0.6345945945945946 0.515 0.6419994594594595 0.5183408333333334 0.6470372972972973 0.5127716666666667 0.6463605405405406 0.5037225
35 0.6524324324324324 0.6575 0.6535135135135135 0.67 0.6691891891891892 0.6741666666666667 0.6794594594594595 0.6666666666666666 0.6810810810810811 0.6616666666666666 0.6745945945945946 0.645 0.6654054054054054 0.6391666666666667 0.6583783783783784 0.6425