49 0.5324324324324324 0.15333333333333332 0.52 0.1525 0.514054054054054 0.15416666666666667 0.5102702702702703 0.15666666666666668 0.5081081081081081 0.16083333333333333 0.5097297297297297 0.18333333333333332 0.5113513513513513 0.185 0.5156756756756756 0.185 0.5162162162162162 0.18583333333333332 0.5243243243243243 0.18583333333333332 0.5335135135135135 0.1825 0.534054054054054 0.17583333333333334 0.5372972972972972 0.16416666666666666 0.5372972972972972 0.16083333333333333 0.5351351351351351 0.15666666666666668 0.5324324324324324 0.15333333333333332
29 0.5016216216216216 0.15333333333333332 0.49783783783783786 0.15166666666666667 0.49405405405405406 0.15416666666666667 0.4908108108108108 0.16333333333333333 0.49027027027027026 0.17 0.4897297297297297 0.17083333333333334 0.49027027027027026 0.17666666666666667 0.492972972972973 0.1825 0.49567567567567566 0.185 0.49891891891891893 0.18583333333333332 0.49945945945945946 0.185 0.5016216216216216 0.185 0.5043243243243243 0.1825 0.5070270270270271 0.17666666666666667 0.5070270270270271 0.16833333333333333 0.5054054054054054 0.16166666666666665 0.5016216216216216 0.15333333333333332
28 0.4843243243243243 0.17833333333333334 0.4783783783783784 0.17833333333333334 0.47135135135135137 0.17416666666666666 0.4627027027027027 0.17583333333333334 0.4616216216216216 0.175 0.4589189189189189 0.16416666666666666 0.4589189189189189 0.16 0.4562162162162162 0.15416666666666667 0.4535135135135135 0.1525 0.4502702702702703 0.1525 0.4481081081081081 0.15583333333333332 0.4481081081081081 0.16083333333333333 0.4502702702702703 0.16333333333333333 0.45297297297297295 0.1775 0.45513513513513515 0.18166666666666667 0.4594594594594595 0.185 0.48324324324324325 0.185 0.4875675675675676 0.18166666666666667 0.4875675675675676 0.1775 0.4864864864864865 0.17666666666666667 0.4843243243243243 0.17833333333333334
3 0.6583783783783784 0.15916666666666668 0.6508108108108108 0.1525 0.6508108108108108 0.15333333333333332 0.6437837837837838 0.16083333333333333 0.6421621621621622 0.16416666666666666 0.6410810810810811 0.16916666666666666 0.6416216216216216 0.17666666666666667 0.6470270270270271 0.185 0.6486486486486487 0.185 0.6491891891891892 0.18583333333333332 0.6545945945945946 0.18583333333333332 0.6578378378378379 0.18333333333333332 0.6610810810810811 0.1775 0.6621621621621622 0.17333333333333334 0.6616216216216216 0.16666666666666666 0.6583783783783784 0.15916666666666668
5 0.6145945945945946 0.15833333333333333 0.6113513513513513 0.15583333333333332 0.605945945945946 0.155 0.6021621621621621 0.1525 0.5983783783783784 0.1525 0.5967567567567568 0.15333333333333332 0.5951351351351352 0.15666666666666668 0.5956756756756757 0.16583333333333333 0.5989189189189189 0.17666666666666667 0.6027027027027027 0.1825 0.607027027027027 0.18583333333333332 0.6135135135135135 0.18583333333333332 0.6156756756756757 0.185 0.6183783783783784 0.18166666666666667 0.6189189189189189 0.17416666666666666 0.6194594594594595 0.17333333333333334 0.6189189189189189 0.16583333333333333 0.6145945945945946 0.15833333333333333
27 0.5514897297297298 0.15206333333333333 0.5484102702702702 0.1505725 0.5453302702702703 0.16044833333333333 0.5394594594594595 0.17166666666666666 0.5383783783783784 0.17333333333333334 0.5383783783783784 0.1775 0.5405405405405406 0.18166666666666667 0.5454054054054054 0.185 0.5497297297297298 0.18583333333333332 0.5513513513513514 0.185 0.5535135135135135 0.18166666666666667 0.5514897297297298 0.1711625 0.547927027027027 0.16491999999999998 0.5514897297297298 0.15206333333333333
11 0.2524324324324324 0.5525 0.24432432432432433 0.5408333333333334 0.24216216216216216 0.5425 0.2308108108108108 0.5683333333333334 0.23027027027027028 0.5816666666666667 0.23243243243243245 0.5925 0.23567567567567568 0.5991666666666666 0.2437837837837838 0.6041666666666666 0.25405405405405407 0.6008333333333333 0.2583783783783784 0.5875 0.2583783783783784 0.5708333333333333 0.2524324324324324 0.5525
58 0.47243243243243244 0.665 0.4486486486486487 0.645 0.40486486486486484 0.595 0.39837837837837836 0.5908333333333333 0.3886486486486487 0.5908333333333333 0.3810810810810811 0.5975 0.3810810810810811 0.6091666666666666 0.3854054054054054 0.6158333333333333 0.3956756756756757 0.6191666666666666 0.40054054054054056 0.6258333333333334 0.40216216216216216 0.6333333333333333 0.39135135135135135 0.6625 0.3827027027027027 0.67 0.3643243243243243 0.6675 0.35081081081081084 0.6716666666666666 0.34594594594594597 0.67 0.3291891891891892 0.6883333333333334 0.3286486486486486 0.6933333333333334 0.33405405405405403 0.7016666666666667 0.3589189189189189 0.7016666666666667 0.3654054054054054 0.71 0.3654054054054054 0.72 0.3691891891891892 0.72 0.38216216216216214 0.71 0.3886486486486487 0.6983333333333334 0.39513513513513515 0.6766666666666666 0.4072972972972973 0.6633333333333333 0.4243243243243243 0.6666666666666666 0.4578378378378378 0.6833333333333333 0.4735135135135135 0.6866666666666666 0.48162162162162164 0.6858333333333333 0.48324324324324325 0.6783333333333333 0.47243243243243244 0.665
58 0.9186859459459459 0.57245 0.9410421621621622 0.6066466666666667 0.8895751351351351 0.6392858333333333 0.8779924324324324 0.6678575 0.9050194594594595 0.6833333333333333 0.9305021621621622 0.6714283333333334 0.9482627027027027 0.6321425 0.999052972972973 0.6539283333333333 1 0.6241916666666666 0.9337183783783783 0.5553508333333333 0.9186859459459459 0.57245
44 0.534054054054054 0.49666666666666665 0.5194594594594595 0.49583333333333335 0.5156756756756756 0.5016666666666667 0.5156756756756756 0.5075 0.5221621621621622 0.5225 0.5372972972972972 0.5225 0.5432432432432432 0.5158333333333334 0.5432432432432432 0.505 0.5405405405405406 0.5008333333333334 0.534054054054054 0.49666666666666665
38 0.5891891891891892 0.15583333333333332 0.5778378378378378 0.15416666666666667 0.5616216216216217 0.15833333333333333 0.5572972972972973 0.165 0.5551351351351351 0.18083333333333335 0.5567567567567567 0.18416666666666667 0.5659459459459459 0.17833333333333334 0.5756756756756757 0.18333333333333332 0.585945945945946 0.18166666666666667 0.5940540540540541 0.17333333333333334 0.5935135135135136 0.16 0.5891891891891892 0.15583333333333332
22 0.6351351351351351 0.15916666666666668 0.6232432432432432 0.16166666666666665 0.6237837837837837 0.17833333333333334 0.6313513513513513 0.185 0.6378378378378379 0.18583333333333332 0.6410810810810811 0.1825 0.6405405405405405 0.17 0.6351351351351351 0.15916666666666668
34 0.3536394594594594 0.5037225 0.3529627027027027 0.5127716666666667 0.3580005405405406 0.5183408333333334 0.3654054054054054 0.515 0.36648648648648646 0.5058333333333334 0.36486486486486486 0.5033333333333333 0.3536394594594594 0.5037225
35 0.34162162162162163 0.6425 0.3345945945945946 0.6391666666666667 0.3254054054054054 0.645 0.31891891891891894 0.6616666666666666 0.32054054054054054 0.6666666666666666 0.3308108108108108 0.6741666666666667 0.3464864864864865 0.67 0.34756756756756757 0.6575 0.34162162162162163 0.6425