48 0.614054054054054 0.5041666666666667 0.6064864864864865 0.4841666666666667 0.6 0.4825 0.5967567567567568 0.48583333333333334 0.5983783783783784 0.49916666666666665 0.5940540540540541 0.5141666666666667 0.6005405405405405 0.5225 0.6032432432432432 0.5325 0.6097297297297297 0.5316666666666666 0.6227027027027027 0.5125 0.6232432432432432 0.5025 0.614054054054054 0.5041666666666667
6 0.5837837837837838 0.4925 0.5702702702702702 0.49666666666666665 0.5567567567567567 0.4866666666666667 0.5518918918918919 0.49 0.5502702702702703 0.49833333333333335 0.5605405405405406 0.5116666666666667 0.5783783783783784 0.5125 0.5881081081081081 0.5058333333333334 0.5875675675675676 0.49666666666666665 0.5837837837837838 0.4925
35 0.6351351351351351 0.46 0.6297297297297297 0.47 0.6297297297297297 0.4816666666666667 0.632972972972973 0.48583333333333334 0.6470270270270271 0.4875 0.6583783783783784 0.47833333333333333 0.6583783783783784 0.47333333333333333 0.6491891891891892 0.4683333333333333 0.6432432432432432 0.455 0.6351351351351351 0.46
24 0.5037837837837837 0.48333333333333334 0.4983783783783784 0.48583333333333334 0.4918918918918919 0.5083333333333333 0.4810810810810811 0.5166666666666667 0.4827027027027027 0.5291666666666667 0.5021621621621621 0.5325 0.5167567567567568 0.5291666666666667 0.52 0.5166666666666667 0.5145945945945946 0.48833333333333334 0.5037837837837837 0.48333333333333334
57 0.4664864864864865 0.5091666666666667 0.46054054054054056 0.5133333333333333 0.4556756756756757 0.525 0.4562162162162162 0.53 0.4610810810810811 0.5341666666666667 0.47243243243243244 0.5325 0.4745945945945946 0.525 0.47135135135135137 0.5108333333333334 0.4664864864864865 0.5091666666666667
48 0.5416216216216216 0.5066666666666667 0.5302702702702703 0.4841666666666667 0.5248648648648648 0.48333333333333334 0.5210810810810811 0.4875 0.5232432432432432 0.5058333333333334 0.5210810810810811 0.5166666666666667 0.5297297297297298 0.5275 0.5362162162162162 0.5275 0.5459459459459459 0.515 0.547027027027027 0.505 0.5416216216216216 0.5066666666666667
4 0.8313513513513513 0.4716666666666667 0.8324324324324325 0.46166666666666667 0.8275675675675676 0.455 0.8286486486486486 0.44583333333333336 0.8227027027027027 0.43833333333333335 0.8216216216216217 0.4266666666666667 0.8189189189189189 0.4216666666666667 0.8108108108108109 0.4166666666666667 0.8064864864864865 0.41833333333333333 0.8 0.415 0.7918918918918919 0.4 0.7702702702702703 0.3908333333333333 0.7518918918918919 0.4025 0.7443243243243243 0.4175 0.7183783783783784 0.4891666666666667 0.7118918918918918 0.49416666666666664 0.7048648648648649 0.5091666666666667 0.7005405405405405 0.53 0.7048648648648649 0.5325 0.8254054054054054 0.5316666666666666 0.8335135135135135 0.5275 0.8427027027027028 0.5091666666666667 0.8405405405405405 0.49333333333333335 0.8313513513513513 0.4716666666666667
21 0.9508108108108108 0.42333333333333334 0.9372972972972973 0.41583333333333333 0.9340540540540541 0.4241666666666667 0.9264864864864865 0.4275 0.9243243243243243 0.44666666666666666 0.9308108108108109 0.455 0.9335135135135135 0.4691666666666667 0.94 0.4716666666666667 0.9513513513513514 0.4658333333333333 0.9545945945945946 0.45666666666666667 0.9594594594594594 0.45416666666666666 0.9594594594594594 0.435 0.9508108108108108 0.42333333333333334
3 0.7994594594594595 0.46166666666666667 0.798918918918919 0.4675 0.8043243243243243 0.47 0.8059459459459459 0.4675 0.8048648648648649 0.4608333333333333 0.7994594594594595 0.46166666666666667
3 0.8027027027027027 0.43416666666666665 0.8 0.43916666666666665 0.8043243243243243 0.44333333333333336 0.8075675675675675 0.43916666666666665 0.807027027027027 0.43583333333333335 0.8027027027027027 0.43416666666666665
3 0.7675675675675676 0.4175 0.7654054054054054 0.42 0.7670270270270271 0.4275 0.7718918918918919 0.425 0.7713513513513514 0.4191666666666667 0.7675675675675676 0.4175
3 0.7167567567567568 0.51 0.7135135135135136 0.5133333333333333 0.7151351351351352 0.5208333333333334 0.7205405405405405 0.52 0.7194594594594594 0.5116666666666667 0.7167567567567568 0.51
38 0.5491891891891892 0.5108333333333334 0.5372972972972972 0.5233333333333333 0.5367567567567567 0.53 0.538918918918919 0.5325 0.5594594594594594 0.5308333333333334 0.5648648648648649 0.5216666666666666 0.5637837837837838 0.5141666666666667 0.5491891891891892 0.5108333333333334
3 0.7367567567567568 0.485 0.7340540540540541 0.49333333333333335 0.7405405405405405 0.49916666666666665 0.7427027027027027 0.495 0.7421621621621621 0.49 0.7367567567567568 0.485
5 0.5956756756756757 0.15583333333333332 0.5843243243243244 0.15166666666666667 0.5783783783783784 0.1575 0.5783783783783784 0.16333333333333333 0.5837837837837838 0.1775 0.5913513513513513 0.18583333333333332 0.5978378378378378 0.18583333333333332 0.6027027027027027 0.18166666666666667 0.6037837837837838 0.16916666666666666 0.6021621621621621 0.16416666666666666 0.5956756756756757 0.15583333333333332
49 0.5686486486486486 0.15083333333333335 0.5502702702702703 0.15583333333333332 0.5475675675675675 0.16166666666666665 0.5486486486486486 0.18083333333333335 0.5513513513513514 0.185 0.5594594594594594 0.18666666666666668 0.5745945945945946 0.18333333333333332 0.5789189189189189 0.16666666666666666 0.5778378378378378 0.1575 0.5686486486486486 0.15083333333333335
5 0.5210810810810811 0.17416666666666666 0.5151351351351351 0.15416666666666667 0.5091891891891892 0.15166666666666667 0.5064864864864865 0.15416666666666667 0.505945945945946 0.16166666666666665 0.5091891891891892 0.16583333333333333 0.5108108108108108 0.1775 0.5172972972972973 0.185 0.5410810810810811 0.18583333333333332 0.5481081081081081 0.1825 0.5475675675675675 0.1775 0.5210810810810811 0.17416666666666666
22 0.9865464864864866 0.5178483333333334 0.9840324324324324 0.5241358333333334 0.9854194594594595 0.5286850000000001 0.9892778378378378 0.5321625 0.995867027027027 0.5321625 0.9946102702702703 0.5203233333333334 0.9912286486486486 0.5162433333333333 0.9865464864864866 0.5178483333333334