48 0.37675675675675674 0.5025 0.3772972972972973 0.5125 0.3902702702702703 0.5316666666666666 0.39675675675675676 0.5325 0.3994594594594595 0.5225 0.40594594594594596 0.5141666666666667 0.4016216216216216 0.49916666666666665 0.40324324324324323 0.48583333333333334 0.4 0.4825 0.3935135135135135 0.4841666666666667 0.38594594594594595 0.5041666666666667
6 0.41243243243243244 0.49666666666666665 0.4118918918918919 0.5058333333333334 0.42162162162162165 0.5125 0.43945945945945947 0.5116666666666667 0.44972972972972974 0.49833333333333335 0.4481081081081081 0.49 0.44324324324324327 0.4866666666666667 0.4297297297297297 0.49666666666666665 0.41621621621621624 0.4925
35 0.3567567567567568 0.455 0.35081081081081084 0.4683333333333333 0.34162162162162163 0.47333333333333333 0.34162162162162163 0.47833333333333333 0.352972972972973 0.4875 0.36702702702702705 0.48583333333333334 0.37027027027027026 0.4816666666666667 0.37027027027027026 0.47 0.36486486486486486 0.46
24 0.4854054054054054 0.48833333333333334 0.48 0.5166666666666667 0.48324324324324325 0.5291666666666667 0.49783783783783786 0.5325 0.5172972972972973 0.5291666666666667 0.518918918918919 0.5166666666666667 0.5081081081081081 0.5083333333333333 0.5016216216216216 0.48583333333333334 0.4962162162162162 0.48333333333333334
57 0.5286486486486487 0.5108333333333334 0.5254054054054054 0.525 0.5275675675675676 0.5325 0.538918918918919 0.5341666666666667 0.5437837837837838 0.53 0.5443243243243243 0.525 0.5394594594594595 0.5133333333333333 0.5335135135135135 0.5091666666666667
48 0.45297297297297295 0.505 0.4540540540540541 0.515 0.46378378378378377 0.5275 0.4702702702702703 0.5275 0.4789189189189189 0.5166666666666667 0.47675675675675677 0.5058333333333334 0.4789189189189189 0.4875 0.4751351351351351 0.48333333333333334 0.4697297297297297 0.4841666666666667 0.45837837837837836 0.5066666666666667
4 0.15945945945945947 0.49333333333333335 0.1572972972972973 0.5091666666666667 0.16648648648648648 0.5275 0.1745945945945946 0.5316666666666666 0.2951351351351351 0.5325 0.29945945945945945 0.53 0.2951351351351351 0.5091666666666667 0.2881081081081081 0.49416666666666664 0.28162162162162163 0.4891666666666667 0.2556756756756757 0.4175 0.2481081081081081 0.4025 0.22972972972972974 0.3908333333333333 0.20810810810810812 0.4 0.2 0.415 0.1935135135135135 0.41833333333333333 0.1891891891891892 0.4166666666666667 0.1810810810810811 0.4216666666666667 0.1783783783783784 0.4266666666666667 0.1772972972972973 0.43833333333333335 0.17135135135135135 0.44583333333333336 0.17243243243243242 0.455 0.16756756756756758 0.46166666666666667 0.16864864864864865 0.4716666666666667
21 0.04054054054054054 0.435 0.04054054054054054 0.45416666666666666 0.04540540540540541 0.45666666666666667 0.04864864864864865 0.4658333333333333 0.06 0.4716666666666667 0.06648648648648649 0.4691666666666667 0.06918918918918919 0.455 0.07567567567567568 0.44666666666666666 0.07351351351351351 0.4275 0.06594594594594595 0.4241666666666667 0.0627027027027027 0.41583333333333333 0.049189189189189186 0.42333333333333334
3 0.19513513513513514 0.4608333333333333 0.19405405405405404 0.4675 0.19567567567567568 0.47 0.20108108108108108 0.4675 0.20054054054054055 0.46166666666666667
3 0.19297297297297297 0.43583333333333335 0.19243243243243244 0.43916666666666665 0.19567567567567568 0.44333333333333336 0.2 0.43916666666666665 0.1972972972972973 0.43416666666666665
3 0.22864864864864864 0.4191666666666667 0.2281081081081081 0.425 0.23297297297297298 0.4275 0.23459459459459459 0.42 0.23243243243243245 0.4175
3 0.28054054054054056 0.5116666666666667 0.27945945945945944 0.52 0.28486486486486484 0.5208333333333334 0.2864864864864865 0.5133333333333333 0.28324324324324324 0.51
38 0.4362162162162162 0.5141666666666667 0.43513513513513513 0.5216666666666666 0.44054054054054054 0.5308333333333334 0.4610810810810811 0.5325 0.46324324324324323 0.53 0.4627027027027027 0.5233333333333333 0.4508108108108108 0.5108333333333334
3 0.2578378378378378 0.49 0.2572972972972973 0.495 0.2594594594594595 0.49916666666666665 0.26594594594594595 0.49333333333333335 0.2632432432432432 0.485
5 0.3978378378378378 0.16416666666666666 0.3962162162162162 0.16916666666666666 0.3972972972972973 0.18166666666666667 0.40216216216216216 0.18583333333333332 0.40864864864864864 0.18583333333333332 0.41621621621621624 0.1775 0.42162162162162165 0.16333333333333333 0.42162162162162165 0.1575 0.41567567567567565 0.15166666666666667 0.4043243243243243 0.15583333333333332
49 0.4221621621621622 0.1575 0.42108108108108105 0.16666666666666666 0.4254054054054054 0.18333333333333332 0.44054054054054054 0.18666666666666668 0.4486486486486487 0.185 0.45135135135135135 0.18083333333333335 0.4524324324324324 0.16166666666666665 0.44972972972972974 0.15583333333333332 0.43135135135135133 0.15083333333333335
5 0.4524324324324324 0.1775 0.4518918918918919 0.1825 0.4589189189189189 0.18583333333333332 0.4827027027027027 0.185 0.4891891891891892 0.1775 0.4908108108108108 0.16583333333333333 0.49405405405405406 0.16166666666666665 0.4935135135135135 0.15416666666666667 0.4908108108108108 0.15166666666666667 0.48486486486486485 0.15416666666666667 0.4789189189189189 0.17416666666666666
22 0.008771351351351351 0.5162433333333333 0.00538972972972973 0.5203233333333334 0.0041329729729729725 0.5321625 0.01072216216216216 0.5321625 0.01458054054054054 0.5286850000000001 0.015967567567567568 0.5241358333333334 0.013453513513513513 0.5178483333333334