40 0.5331027027027027 0.73315 0.051054054054054054 0.12921666666666667
26 0.43644324324324324 0.5732166666666667 0.039583783783783785 0.046349999999999995
24 0.03733513513513513 0.41242500000000004 0.05029189189189189 0.05568333333333333
57 0.07203243243243243 0.48207500000000003 0.0222 0.033133333333333334
53 0.2634810810810811 0.7756666666666666 0.03671891891891892 0.035075
49 0.10543243243243244 0.8903916666666667 0.035572972972972974 0.043425
49 0.1833189189189189 0.89165 0.03668648648648649 0.04305
59 0.397745945945946 0.9503833333333334 0.07403243243243243 0.09924166666666667
44 0.4716108108108108 0.5090250000000001 0.030118918918918918 0.027124999999999996
3 0.34824864864864863 0.17 0.021043243243243245 0.03656666666666667
22 0.3701675675675675 0.16988333333333336 0.021918918918918916 0.04000833333333333
5 0.39361621621621623 0.16895833333333332 0.02497837837837838 0.03595
38 0.4255945945945946 0.16895000000000002 0.04124864864864865 0.03679166666666667
27 0.45442702702702703 0.16881666666666667 0.016124324324324323 0.03705833333333333
49 0.47755135135135135 0.16933333333333334 0.02883783783783784 0.03675
29 0.5021729729729729 0.16905 0.017102702702702702 0.03685
28 0.5316864864864865 0.16945833333333332 0.03981621621621621 0.03941666666666666