40 0.4668972972972973 0.73315 0.051054054054054075 0.12921666666666662
26 0.5635567567567568 0.5732166666666667 0.03958378378378379 0.04634999999999991
24 0.9626648648648649 0.41242500000000004 0.05029189189189187 0.055683333333333376
57 0.9279675675675676 0.48207500000000003 0.022200000000000088 0.03313333333333333
53 0.7365189189189189 0.7756666666666666 0.03671891891891883 0.03507499999999993
49 0.8945675675675676 0.8903916666666667 0.03557297297297295 0.04342500000000011
49 0.8166810810810812 0.89165 0.036686486486486425 0.04304999999999988
59 0.6018918918918919 0.95 0.07405405405405406 0.1
44 0.5283891891891892 0.5090250000000001 0.030118918918918932 0.02712499999999996
3 0.6517513513513513 0.17 0.021043243243243154 0.036566666666666664
22 0.6298324324324325 0.16988333333333336 0.021918918918919016 0.040008333333333326
5 0.6063837837837838 0.16895833333333332 0.024978378378378397 0.03594999999999999
38 0.5744054054054054 0.16895000000000002 0.04124864864864862 0.036791666666666646
27 0.5455729729729729 0.16881666666666667 0.016124324324324285 0.03705833333333331
49 0.5224486486486486 0.16933333333333334 0.02883783783783779 0.03675000000000002
29 0.497827027027027 0.16905 0.017102702702702758 0.03685000000000002
28 0.4683135135135135 0.16945833333333332 0.03981621621621626 0.039416666666666676