18 0.43531351351351355 0.3031833333333333 0.06922702702702703 0.073625
48 0.47255135135135135 0.5062416666666667 0.03864864864864865 0.044774999999999995
27 0.6355135135135135 0.5574833333333333 0.023913513513513514 0.05934166666666666
69 0.7069405405405405 0.4272916666666667 0.027205405405405406 0.018758333333333335
69 0.6358324324324324 0.514125 0.026054054054054056 0.016583333333333332
19 0.8138378378378378 0.6915749999999999 0.08792972972972972 0.12855833333333333
14 0.2197891891891892 0.870625 0.05237837837837838 0.07484166666666667
21 0.6999675675675676 0.9476833333333333 0.03727027027027027 0.060066666666666664
27 0.7068432432432433 0.4686166666666667 0.028513513513513514 0.057441666666666676
27 0.7689621621621622 0.5859583333333334 0.028194594594594592 0.0654
43 0.43703783783783784 0.12010833333333333 0.1978162162162162 0.17886666666666665
5 0.4073243243243243 0.16629166666666667 0.02701081081081081 0.040725
49 0.4370216216216216 0.16626666666666667 0.03297837837837838 0.042083333333333334
28 0.4743243243243243 0.1681666666666667 0.0440972972972973 0.04200833333333333