18 0.5646864864864866 0.3031833333333333 0.06922702702702706 0.07362500000000002
48 0.5274486486486486 0.5062416666666667 0.03864864864864865 0.044775000000000016
27 0.36448648648648646 0.5574833333333333 0.023913513513513517 0.059341666666666695
69 0.2930594594594595 0.4272916666666667 0.027205405405405367 0.018758333333333325
69 0.3641675675675676 0.514125 0.026054054054054077 0.016583333333333408
19 0.18616216216216222 0.6915749999999999 0.0879297297297297 0.12855833333333333
14 0.7802108108108108 0.870625 0.05237837837837843 0.07484166666666663
21 0.3000324324324324 0.9476833333333333 0.03727027027027029 0.06006666666666661
27 0.29315675675675673 0.4686166666666667 0.028513513513513514 0.05744166666666672
27 0.23103783783783788 0.5859583333333334 0.02819459459459458 0.06540000000000001
43 0.5629621621621622 0.12010833333333333 0.19781621621621623 0.17886666666666665
5 0.5926756756756757 0.16629166666666667 0.027010810810810703 0.040725000000000004
49 0.5629783783783784 0.16626666666666667 0.032978378378378435 0.042083333333333334
28 0.5256756756756756 0.1681666666666667 0.04409729729729726 0.04200833333333331