7 0.08247567567567568 0.6072833333333333 0.05196756756756757 0.07162500000000001
5 0.2478054054054054 0.6296666666666667 0.015594594594594596 0.020075
7 0.4913567567567568 0.5899083333333334 0.04887027027027027 0.07621666666666665
22 0.5784918918918919 0.6285666666666666 0.012227027027027028 0.016758333333333333
22 0.5976918918918919 0.6203166666666666 0.009902702702702703 0.017066666666666667
22 0.6180540540540541 0.627275 0.01281081081081081 0.019766666666666665
22 0.5226108108108108 0.6200333333333333 0.014443243243243243 0.017625
26 0.455372972972973 0.5336833333333333 0.03654594594594594 0.04114166666666667
44 0.4680324324324324 0.5080166666666667 0.025497297297297297 0.030158333333333332
34 0.389572972972973 0.4472416666666667 0.013302702702702703 0.01625
27 0.3362702702702703 0.30343333333333333 0.029627027027027027 0.06394999999999999
27 0.4275243243243243 0.21982500000000002 0.024151351351351352 0.05951666666666667
27 0.5976702702702703 0.15291666666666667 0.0210972972972973 0.05405
19 0.5088918918918919 0.31035833333333335 0.06929189189189189 0.12413333333333335
34 0.6955837837837837 0.17478333333333335 0.011583783783783783 0.0209
21 0.7415459459459459 0.5480166666666667 0.03652972972972973 0.062525
59 0.37424324324324326 0.7094 0.0728 0.15380833333333332
30 0.24055135135135133 0.2552833333333333 0.04620540540540541 0.046516666666666664
62 0.5020324324324325 0.627375 0.0136 0.018841666666666666
62 0.5404324324324324 0.6273833333333333 0.013891891891891892 0.022074999999999997
5 0.5597297297297297 0.6304833333333334 0.014621621621621622 0.022716666666666666
5 0.6774216216216217 0.630475 0.014237837837837837 0.02195
4 0.9385135135135135 0.5661083333333333 0.12296756756756758 0.14788333333333334
3 0.9161729729729731 0.55205 0.012383783783783783 0.018175
3 0.9219783783783784 0.578075 0.010459459459459461 0.018733333333333334
3 0.8971297297297297 0.6044416666666667 0.014021621621621622 0.022741666666666667
3 0.9410378378378379 0.5214 0.01245945945945946 0.018099999999999998
3 0.9599837837837838 0.5318166666666666 0.01334054054054054 0.01945
3 0.9869567567567566 0.59685 0.012216216216216217 0.017300000000000003
34 0.254427027027027 0.12271666666666665 0.015048648648648648 0.023133333333333336
3 0.34883243243243245 0.167775 0.02178918918918919 0.039766666666666665
22 0.36827027027027026 0.17119166666666666 0.02131891891891892 0.0357
5 0.393172972972973 0.16947500000000001 0.02489189189189189 0.04206666666666666
38 0.4258108108108108 0.17235 0.039691891891891894 0.04073333333333334
27 0.45463243243243245 0.16788333333333333 0.01985945945945946 0.0488
49 0.4785351351351351 0.16611666666666666 0.03147567567567568 0.047325
29 0.5015621621621622 0.16590000000000002 0.020697297297297298 0.0507
28 0.5341027027027028 0.16785833333333333 0.04236216216216217 0.042866666666666664