7 0.9175243243243244 0.6072833333333333 0.0519675675675675 0.07162500000000004
5 0.7521945945945946 0.6296666666666667 0.015594594594594545 0.020074999999999933
7 0.5086432432432433 0.5899083333333334 0.04887027027027031 0.0762166666666667
22 0.42150810810810807 0.6285666666666666 0.012227027027026969 0.01675833333333325
22 0.4023081081081081 0.6203166666666666 0.009902702702702668 0.01706666666666668
22 0.3819459459459459 0.627275 0.012810810810810836 0.01976666666666669
22 0.47738918918918916 0.6200333333333333 0.014443243243243259 0.017625000000000075
26 0.544627027027027 0.5336833333333333 0.03654594594594595 0.041141666666666576
44 0.5319675675675676 0.5080166666666667 0.025497297297297338 0.030158333333333377
34 0.610427027027027 0.4472416666666667 0.013302702702702772 0.01625
27 0.6637297297297298 0.30343333333333333 0.029627027027027 0.06395
27 0.5724756756756756 0.21982500000000002 0.024151351351351262 0.059516666666666655
27 0.4023297297297297 0.15291666666666667 0.02109729729729728 0.054050000000000015
19 0.49110810810810807 0.31035833333333335 0.06929189189189192 0.12413333333333336
34 0.30441621621621623 0.17478333333333335 0.011583783783783818 0.020899999999999988
21 0.2584540540540541 0.5480166666666667 0.03652972972972975 0.06252499999999998
59 0.6257567567567568 0.7094 0.0727999999999999 0.15380833333333327
30 0.7594486486486487 0.2552833333333333 0.046205405405405416 0.046516666666666706
62 0.49796756756756755 0.627375 0.013600000000000044 0.018841666666666583
62 0.4595675675675676 0.6273833333333333 0.013891891891891916 0.022075000000000008
5 0.44027027027027027 0.6304833333333334 0.014621621621621598 0.02271666666666666
5 0.3225783783783784 0.630475 0.014237837837837794 0.02194999999999993
4 0.06148648648648649 0.5661083333333333 0.12296756756756758 0.14788333333333337
3 0.08382702702702699 0.55205 0.012383783783783797 0.018174999999999955
3 0.07802162162162157 0.578075 0.010459459459459471 0.01873333333333335
3 0.10287027027027024 0.6044416666666667 0.01402162162162162 0.022741666666666636
3 0.05896216216216212 0.5214 0.012459459459459466 0.018100000000000022
3 0.0400162162162162 0.5318166666666666 0.013340540540540544 0.019449999999999933
3 0.013043243243243302 0.59685 0.012216216216216215 0.017299999999999992
34 0.745572972972973 0.12271666666666665 0.015048648648648728 0.023133333333333325
3 0.6511675675675674 0.167775 0.02178918918918916 0.039766666666666645
22 0.6317297297297297 0.17119166666666666 0.021318918918918947 0.03570000000000002
5 0.6068270270270271 0.16947500000000001 0.02489189189189199 0.04206666666666668
38 0.5741891891891892 0.17235 0.0396918918918918 0.04073333333333333
27 0.5453675675675675 0.16788333333333333 0.019859459459459463 0.0488
49 0.5214648648648649 0.16611666666666666 0.031475675675675684 0.04732500000000002
29 0.49843783783783785 0.16590000000000002 0.020697297297297277 0.05069999999999998
28 0.4658972972972973 0.16785833333333333 0.04236216216216222 0.042866666666666664