31 0.12161621621621622 0.2825916666666667 0.06276216216216216 0.04585
26 0.1764702702702703 0.34518333333333334 0.03864324324324324 0.042875
3 0.27064324324324324 0.17086666666666667 0.02016756756756757 0.03965833333333334
22 0.2906 0.17253333333333332 0.018994594594594596 0.035175
27 0.3109513513513513 0.172025 0.012767567567567568 0.041975
45 0.32714054054054054 0.16884166666666667 0.014545945945945946 0.03560833333333333
27 0.3812432432432432 0.13741666666666666 0.029475675675675675 0.027241666666666664
6 0.36651351351351347 0.17020000000000002 0.0578054054054054 0.0352
47 0.40077297297297293 0.20681666666666668 0.04522162162162162 0.032233333333333336
68 0.40345945945945944 0.16650833333333334 0.018345945945945945 0.03563333333333333
48 0.42949189189189185 0.16626666666666667 0.03623783783783784 0.03670833333333333
44 0.46359999999999996 0.16685833333333333 0.030875675675675673 0.0332
31 0.5042432432432432 0.1687833333333333 0.05097297297297297 0.03861666666666667
15 0.568027027027027 0.16835833333333333 0.07041621621621622 0.03308333333333333
23 0.6180432432432433 0.16958333333333334 0.028167567567567567 0.03480833333333334
41 0.44064864864864867 0.20423333333333335 0.02967027027027027 0.03605833333333334
46 0.4721027027027027 0.2056916666666667 0.028702702702702705 0.02824166666666667
19 0.5041027027027027 0.20479166666666668 0.025913513513513512 0.036291666666666667
37 0.29530270270270265 0.5706416666666666 0.03805405405405406 0.034275
59 0.41696216216216214 0.7233333333333334 0.07252972972972974 0.17085833333333333
5 0.29515135135135134 0.631875 0.015454054054054055 0.016075
5 0.6051891891891892 0.63175 0.014054054054054054 0.018941666666666666
5 0.7165405405405405 0.6320916666666666 0.014724324324324323 0.016508333333333333
39 0.8165081081081081 0.6085416666666666 0.03875135135135135 0.040258333333333333
21 0.7814324324324324 0.5515083333333333 0.04 0.0557
33 0.7765621621621622 0.46919999999999995 0.05560540540540541 0.04413333333333334
4 0.9590162162162162 0.5687833333333333 0.08197297297297297 0.142425
3 0.9369189189189189 0.6073416666666667 0.014475675675675675 0.023541666666666666
3 0.9955675675675676 0.5334083333333334 0.008870270270270271 0.024316666666666667
34 0.7346648648648649 0.17728333333333335 0.014372972972972973 0.029158333333333335