31 0.8783837837837838 0.2825916666666667 0.06276216216216222 0.04584999999999999
26 0.8235297297297297 0.34518333333333334 0.03864324324324313 0.04287500000000004
3 0.7293567567567567 0.17086666666666667 0.02016756756756754 0.03965833333333331
22 0.7093999999999999 0.17253333333333332 0.018994594594594526 0.035174999999999984
27 0.6890486486486487 0.172025 0.012767567567567509 0.041975000000000005
45 0.6728594594594595 0.16884166666666667 0.014545945945945868 0.035608333333333346
27 0.6187567567567568 0.13741666666666666 0.029475675675675782 0.027241666666666664
6 0.6334864864864865 0.17020000000000002 0.057805405405405436 0.03520000000000001
47 0.5992270270270271 0.20681666666666668 0.04522162162162154 0.032233333333333315
68 0.5965405405405405 0.16650833333333334 0.018345945945945977 0.03563333333333332
48 0.5705081081081081 0.16626666666666667 0.036237837837837815 0.03670833333333334
44 0.5364 0.16685833333333333 0.030875675675675618 0.03319999999999998
31 0.49575675675675673 0.1687833333333333 0.05097297297297295 0.038616666666666646
15 0.43197297297297305 0.16835833333333333 0.0704162162162162 0.033083333333333326
23 0.3819567567567567 0.16958333333333334 0.028167567567567515 0.034808333333333316
41 0.5593513513513513 0.20423333333333338 0.029670270270270263 0.036058333333333345
46 0.5278972972972973 0.2056916666666667 0.028702702702702653 0.02824166666666668
19 0.49589729729729726 0.20479166666666668 0.025913513513513543 0.03629166666666665
37 0.7046972972972974 0.5706416666666666 0.038054054054054105 0.03427500000000009
59 0.5830378378378378 0.7233333333333334 0.07252972972972971 0.1708583333333333
5 0.7048486486486487 0.631875 0.015454054054054133 0.01607499999999997
5 0.3948108108108109 0.63175 0.014054054054054054 0.018941666666666683
5 0.2834594594594595 0.6320916666666666 0.01472432432432433 0.016508333333333288
39 0.1834918918918919 0.6085416666666666 0.03875135135135138 0.040258333333333285
21 0.2185675675675675 0.5515083333333333 0.04 0.05569999999999993
33 0.22343783783783777 0.46919999999999995 0.05560540540540541 0.044133333333333365
4 0.04081081081081081 0.5683333333333334 0.08162162162162162 0.14166666666666666
3 0.06308108108108111 0.6073416666666667 0.014475675675675669 0.023541666666666666
3 0.004324324324324324 0.5329166666666667 0.008648648648648649 0.024166666666666666
34 0.26533513513513507 0.17728333333333335 0.01437297297297299 0.02915833333333334