45 0.2861081081081081 0.16843333333333332 0.018545945945945948 0.036366666666666665
24 0.31204324324324323 0.16853333333333334 0.03214054054054054 0.03754166666666667
12 0.35989189189189186 0.16766666666666666 0.061156756756756754 0.03606666666666667
67 0.40798378378378375 0.16893333333333332 0.03175675675675676 0.0349
63 0.4497405405405405 0.16805 0.05 0.034375
14 0.48907567567567567 0.16854166666666667 0.02661081081081081 0.03659166666666666
55 0.5114972972972973 0.16835 0.018637837837837835 0.037441666666666665
48 0.5380378378378379 0.16847499999999999 0.032854054054054053 0.03398333333333334
13 0.5681621621621621 0.16859166666666667 0.023086486486486486 0.034216666666666666
56 0.598145945945946 0.16871666666666668 0.03202162162162162 0.030758333333333332
50 0.2916918918918919 0.204025 0.038529729729729734 0.029725
31 0.33988108108108106 0.20424166666666668 0.04837297297297297 0.03386666666666667
15 0.40088108108108106 0.20283333333333334 0.06701081081081081 0.02981666666666667
44 0.4535405405405405 0.20381666666666667 0.030513513513513515 0.034258333333333335
26 0.4837783783783784 0.20385 0.028491891891891892 0.03556666666666666
23 0.5130486486486486 0.20405 0.024535135135135135 0.034716666666666667
47 0.5518918918918919 0.20450000000000002 0.04773513513513514 0.03563333333333333
52 0.5983945945945945 0.2030833333333333 0.03898378378378379 0.0302
51 0.2793405405405405 0.23989166666666667 0.035854054054054056 0.033525
10 0.3174864864864865 0.239275 0.041243243243243244 0.034758333333333336
16 0.383054054054054 0.2378333333333333 0.08722702702702703 0.02940833333333333
41 0.4432054054054054 0.23694999999999997 0.028621621621621622 0.028874999999999998
36 0.48052972972972974 0.2394666666666667 0.04122162162162162 0.03391666666666667
66 0.521772972972973 0.2401 0.035572972972972974 0.028991666666666666
32 0.5557513513513515 0.24035 0.0234 0.03444166666666666
8 0.5842810810810811 0.24081666666666668 0.02597837837837838 0.031675
46 0.6149027027027026 0.24173333333333333 0.027929729729729732 0.0335
1 0.3490648648648649 0.27415833333333334 0.03949729729729729 0.03411666666666666
0 0.38596756756756756 0.2736166666666666 0.029178378378378375 0.034275
9 0.41783243243243245 0.274125 0.024794594594594592 0.03281666666666667
25 0.45304324324324324 0.27489166666666665 0.03833513513513514 0.03311666666666667
17 0.5047459459459459 0.27434166666666665 0.053897297297297295 0.036041666666666666
42 0.5480324324324325 0.27493333333333336 0.032005405405405404 0.030733333333333335
34 0.5432864864864865 0.8825 0.014502702702702703 0.018025
48 0.8606432432432433 0.5118416666666668 0.040686486486486484 0.047683333333333335
34 0.9828756756756757 0.8089500000000001 0.013135135135135135 0.017858333333333334
58 0.4772972972972973 0.5267833333333333 0.15162702702702702 0.117525