50 0.4716324324324324 0.5092666666666666 0.05227027027027029 0.03123333333333335
14 0.41445405405405406 0.5663583333333333 0.053291891891891846 0.07130833333333328
49 0.5566432432432432 0.5838416666666667 0.02999459459459454 0.039558333333333355
49 0.594827027027027 0.5837666666666667 0.03344324324324319 0.036949999999999934
67 0.5564270270270271 0.5571666666666667 0.027162162162162162 0.014624999999999963
61 0.6591027027027027 0.6474583333333334 0.029794594594594534 0.02722500000000006
14 0.20487027027027027 0.2738416666666667 0.05077837837837841 0.07054999999999997
13 0.05168108108108108 0.27525 0.10336216216216217 0.06869166666666662
6 0.39362702702702707 0.169575 0.026059459459459478 0.03988333333333335
49 0.4218054054054054 0.16795833333333335 0.02874054054054058 0.040358333333333336
29 0.4582972972972973 0.16795 0.0400216216216216 0.03377500000000003
54 0.4949567567567567 0.16961666666666667 0.02841621621621618 0.0375
49 0.5566486486486486 0.2871083333333333 0.033205405405405376 0.041491666666666635
49 0.5964594594594594 0.28884166666666666 0.031908108108108214 0.03754999999999995
22 0.6771513513513514 0.215925 0.03785405405405416 0.05475833333333334
22 0.7163945945945945 0.21636666666666665 0.036216216216216214 0.059358333333333346
14 0.8982054054054054 0.27423333333333333 0.0552972972972974 0.0750333333333333
59 0.8107243243243243 0.39368333333333333 0.07423783783783791 0.1829916666666667
64 0.9640540540540541 0.49541666666666667 0.0718918918918919 0.25916666666666666
37 0.9884594594594595 0.8254166666666667 0.022681081081081102 0.033558333333333315
66 0.7378108108108108 0.9067750000000001 0.10949729729729739 0.10980833333333331
49 0.634481081081081 0.9396833333333332 0.03183243243243236 0.036041666666666666
49 0.6838648648648649 0.9383833333333332 0.017621621621621574 0.03589999999999994
60 0.3257945945945946 0.9370999999999999 0.018600000000000044 0.033341666666666846
60 0.3604432432432433 0.9380083333333332 0.021394594594594554 0.038858333333333425
38 0.2639297297297297 0.9883166666666667 0.03908648648648646 0.023366666666666636
53 0.029221621621621622 0.9425166666666667 0.0336 0.028116666666666484
53 0.08396216216216217 0.9371749999999999 0.03330810810810811 0.0310166666666665
61 0.05798918918918919 0.64695 0.03044864864864864 0.028041666666666742
29 0.24599459459459458 0.6426083333333333 0.041037837837837814 0.03990000000000009
3 0.5093189189189189 0.7833166666666667 0.019000000000000048 0.04392500000000003