14 0.9091891891891892 0.36833333333333335 0.9097297297297298 0.3475 0.9054054054054054 0.33 0.9 0.32 0.8935135135135135 0.31416666666666665 0.8864864864864865 0.31333333333333335 0.8762162162162163 0.3275 0.8729729729729729 0.35083333333333333 0.8691891891891892 0.3541666666666667 0.8610810810810811 0.3516666666666667 0.8578378378378378 0.35333333333333333 0.8578378378378378 0.35833333333333334 0.8637837837837837 0.3675 0.8621621621621621 0.37333333333333335 0.8637837837837837 0.37666666666666665 0.874054054054054 0.37666666666666665 0.8745945945945945 0.37166666666666665 0.8881081081081081 0.3775 0.9010810810810811 0.3775 0.9091891891891892 0.36833333333333335
44 0.5427027027027027 0.5133333333333333 0.5421621621621622 0.505 0.5345945945945946 0.4975 0.5216216216216216 0.4975 0.5178378378378379 0.49916666666666665 0.5167567567567568 0.5066666666666667 0.5216216216216216 0.5208333333333334 0.5275675675675676 0.5225 0.54 0.5183333333333333 0.5427027027027027 0.5133333333333333
14 0.8842108108108108 0.34581666666666666 0.05452972972972979 0.06814166666666666
44 0.529718918918919 0.5102833333333333 0.027189189189189163 0.027250000000000038
64 0.7786000000000001 0.5881916666666667 0.1515891891891892 0.29579166666666673
59 0.9679243243243244 0.46679166666666666 0.06414594594594598 0.1744416666666666
21 0.8453189189189189 0.9309333333333333 0.07716216216216217 0.06559999999999984
37 0.8116216216216217 0.8781166666666667 0.02782162162162176 0.0371083333333335
14 0.7435567567567567 0.9821916666666668 0.03182162162162156 0.035616666666666484
5 0.6264216216216216 0.7842916666666665 0.13909189189189172 0.14413333333333336
4 0.6565459459459461 0.7713 0.009670270270270447 0.01238333333333325
4 0.6778162162162162 0.8285583333333333 0.009881081081080944 0.012566666666666606
4 0.6235513513513514 0.8332333333333334 0.012956756756756895 0.013116666666666674
4 0.6367783783783784 0.810625 0.011194594594594614 0.014808333333333317
4 0.6160324324324323 0.768975 0.009464864864864983 0.01505833333333328
4 0.5824702702702703 0.8365916666666666 0.008913513513513396 0.015358333333333387
49 0.2669459459459459 0.9532833333333334 0.03381621621621619 0.03463333333333329
5 0.08858918918918925 0.3162583333333333 0.1429891891891893 0.152825
38 0.05088648648648654 0.1368083333333333 0.03914054054054046 0.03868333333333335
67 0.051724324324324354 0.10433333333333333 0.03576216216216208 0.01585000000000001
63 0.19785405405405404 0.5582416666666666 0.38669729729729724 0.3507499999999999