14 0.09891891891891892 0.3775 0.11189189189189189 0.3775 0.1254054054054054 0.37166666666666665 0.12594594594594594 0.37666666666666665 0.1362162162162162 0.37666666666666665 0.13783783783783785 0.37333333333333335 0.1362162162162162 0.3675 0.14216216216216215 0.35833333333333334 0.14216216216216215 0.35333333333333333 0.13891891891891892 0.3516666666666667 0.1308108108108108 0.3541666666666667 0.12702702702702703 0.35083333333333333 0.12378378378378378 0.3275 0.11351351351351352 0.31333333333333335 0.10648648648648648 0.31416666666666665 0.1 0.32 0.0945945945945946 0.33 0.09027027027027026 0.3475 0.09081081081081081 0.36833333333333335 0.09891891891891892 0.3775
44 0.46 0.5183333333333333 0.47243243243243244 0.5225 0.4783783783783784 0.5208333333333334 0.48324324324324325 0.5066666666666667 0.4821621621621622 0.49916666666666665 0.4783783783783784 0.4975 0.4654054054054054 0.4975 0.4578378378378378 0.505 0.4572972972972973 0.5133333333333333 0.46 0.5183333333333333
14 0.11578918918918918 0.34581666666666666 0.05452972972972971 0.06814166666666666
44 0.4702810810810811 0.5102833333333333 0.027189189189189163 0.027250000000000038
64 0.22139999999999999 0.5881916666666667 0.15158918918918915 0.29579166666666673
59 0.03207567567567568 0.46679166666666666 0.06414594594594596 0.17444166666666666
21 0.15468108108108108 0.9309333333333333 0.07716216216216217 0.06559999999999984
37 0.18837837837837837 0.8781166666666667 0.027821621621621637 0.0371083333333335
14 0.25644324324324325 0.9821916666666668 0.031821621621621624 0.035616666666666484
5 0.3735783783783784 0.7842916666666665 0.13909189189189186 0.14413333333333328
4 0.34345405405405405 0.7713 0.009670270270270325 0.01238333333333325
4 0.32218378378378376 0.8285583333333333 0.009881081081081067 0.012566666666666606
4 0.37644864864864863 0.8332333333333334 0.012956756756756772 0.013116666666666674
4 0.36322162162162164 0.810625 0.011194594594594614 0.014808333333333317
4 0.38396756756756756 0.768975 0.00946486486486486 0.01505833333333328
4 0.4175297297297297 0.8365916666666666 0.008913513513513518 0.015358333333333387
49 0.7330540540540541 0.9532833333333334 0.03381621621621619 0.03463333333333329
5 0.9114108108108108 0.3162583333333333 0.1429891891891893 0.152825
38 0.9491135135135135 0.1368083333333333 0.03914054054054046 0.03868333333333335
67 0.9482756756756756 0.10433333333333333 0.03576216216216208 0.01585000000000001
63 0.802145945945946 0.5582416666666666 0.38669729729729724 0.35074999999999995