39 0.08687027027027028 0.8077416666666667 0.03783783783783784 0.03928333333333342
37 0.39614054054054054 0.827975 0.032432432432432434 0.041666666666666664
21 0.4579135135135135 0.8595250000000001 0.07104324324324328 0.07380833333333338
14 0.5227783783783784 0.891075 0.05096756756756755 0.07024166666666663
49 0.22162162162162163 0.9077416666666667 0.03397837837837839 0.039283333333333226
49 0.17181621621621623 0.9083333333333333 0.020848648648648677 0.03333333333333333
66 0.14247027027027026 0.8732166666666665 0.10578918918918921 0.11547500000000004
49 0.9849405405405406 0.8470249999999999 0.023940540540540522 0.041666666666666574
59 0.28378378378378377 0.35714166666666664 0.07335675675675678 0.18095
14 0.37220000000000003 0.24345 0.05559999999999995 0.06547499999999996
4 0.3490324324324324 0.16785833333333333 0.018535135135135116 0.028575000000000017
23 0.3698864864864865 0.17083333333333334 0.021621621621621623 0.029758333333333317
29 0.5328162162162162 0.16905 0.04169729729729729 0.03809166666666665
31 0.5019297297297297 0.16845 0.016989189189189225 0.03452500000000001
40 0.4264216216216216 0.16960833333333333 0.03899459459459465 0.03349166666666666
6 0.3935567567567568 0.17068333333333333 0.022837837837837837 0.033066666666666675
28 0.45413513513513515 0.17025 0.014762162162162133 0.035641666666666655
49 0.477254054054054 0.16853333333333334 0.0303567567567568 0.03392499999999998
44 0.470427027027027 0.5088833333333334 0.026405405405405355 0.032475000000000025
4 0.5994972972972973 0.66395 0.010383783783783804 0.016008333333333364
4 0.640145945945946 0.6598333333333333 0.009789189189189258 0.016008333333333364
4 0.6183405405405406 0.7026 0.009497297297297386 0.012808333333333243
4 0.578281081081081 0.7209 0.0106810810810812 0.01738333333333325
4 0.6324324324324324 0.7275333333333333 0.010383783783783804 0.014183333333333319
4 0.6736756756756757 0.7291333333333334 0.009789189189189258 0.014641666666666614
3 0.5079621621621622 0.7096916666666666 0.015427027027027007 0.030649999999999976
5 0.6280162162162162 0.6758333333333333 0.1442270270270271 0.14142500000000002
63 0.6679513513513514 0.509775 0.07713513513513504 0.11469166666666676
63 0.19952972972972974 0.33645 0.3990594594594595 0.12175833333333334
63 0.05663783783783784 0.6256333333333334 0.07378378378378378 0.11695833333333326
63 0.24733513513513514 0.6608833333333333 0.30345405405405407 0.052866666666666715
63 0.28526486486486485 0.6 0.2234324324324324 0.0656916666666666
63 0.3232 0.540725 0.14756756756756756 0.05607499999999997
63 0.3626864864864865 0.45340833333333336 0.07482162162162166 0.11855833333333332
61 0.13182162162162162 0.616025 0.026843243243243227 0.028033333333333417
63 0.6678000000000001 0.8744666666666666 0.22259999999999996 0.24714999999999995
0 0.39976216216216215 0.9631833333333333 0.15214594594594597 0.07196666666666678
0 0.8480216216216215 0.9681333333333333 0.13172432432432435 0.05352500000000002
64 0.47378918918918916 0.48406666666666665 0.14295675675675676 0.291225
63 0.8510864864864864 0.5974083333333333 0.29101621621621626 0.16844166666666657
63 0.17270270270270272 0.9608333333333333 0.3075675675675676 0.07833333333333334
49 0.0681027027027027 0.2569666666666667 0.028605405405405397 0.03412500000000004
49 0.030816216216216216 0.2559166666666667 0.028264864864864868 0.03412500000000004
22 0.15016756756756758 0.18662499999999999 0.03677297297297296 0.053024999999999996
22 0.18898378378378378 0.185575 0.03337297297297298 0.053024999999999996
63 0.6300216216216216 0.2358666666666667 0.4594972972972974 0.07608333333333332