6 0.3972972972972973 0.18083333333333335 0.40054054054054056 0.185 0.40864864864864864 0.18583333333333332 0.41621621621621624 0.17666666666666667 0.41945945945945945 0.15416666666666667 0.40324324324324323 0.15666666666666668 0.3978378378378378 0.165 0.3962162162162162 0.17 0.3972972972972973 0.18083333333333335
49 0.42648648648648646 0.18416666666666667 0.44432432432432434 0.18583333333333332 0.4502702702702703 0.18333333333333332 0.4518918918918919 0.16666666666666666 0.4502702702702703 0.15666666666666668 0.44216216216216214 0.1525 0.4297297297297297 0.15166666666666667 0.42162162162162165 0.16 0.42108108108108105 0.16583333333333333 0.42648648648648646 0.18416666666666667
29 0.4594594594594595 0.18583333333333332 0.48324324324324325 0.185 0.4891891891891892 0.1775 0.49405405405405406 0.15583333333333332 0.4908108108108108 0.15166666666666667 0.48486486486486485 0.15416666666666667 0.4789189189189189 0.17333333333333334 0.4524324324324324 0.17833333333333334 0.45297297297297295 0.18333333333333332 0.4594594594594595 0.18583333333333332
7 0.45513513513513515 0.4241666666666667 0.4735135135135135 0.4216666666666667 0.4805405405405405 0.4075 0.47783783783783784 0.4 0.47243243243243244 0.39916666666666667 0.46216216216216216 0.4075 0.447027027027027 0.4041666666666667 0.4427027027027027 0.41 0.4437837837837838 0.42 0.45513513513513515 0.4241666666666667
25 0.48324324324324325 0.5291666666666667 0.49027027027027026 0.5316666666666666 0.5172972972972973 0.5291666666666667 0.518918918918919 0.5141666666666667 0.5075675675675676 0.5041666666666667 0.5010810810810811 0.485 0.4972972972972973 0.4825 0.4935135135135135 0.49083333333333334 0.4859459459459459 0.4891666666666667 0.48 0.515 0.48324324324324325 0.5291666666666667
48 0.4610810810810811 0.5208333333333334 0.4664864864864865 0.5308333333333334 0.4702702702702703 0.5291666666666667 0.4789189189189189 0.5166666666666667 0.47675675675675677 0.5075 0.4772972972972973 0.48583333333333334 0.4751351351351351 0.4841666666666667 0.4702702702702703 0.485 0.46324324324324323 0.5016666666666667 0.4518918918918919 0.5033333333333333 0.45297297297297295 0.5133333333333333 0.4610810810810811 0.5208333333333334
40 0.42648648648648646 0.5308333333333334 0.447027027027027 0.5316666666666666 0.4454054054054054 0.5166666666666667 0.44324324324324327 0.5133333333333333 0.43513513513513513 0.5091666666666667 0.42108108108108105 0.5133333333333333 0.42 0.5216666666666666 0.42648648648648646 0.5308333333333334
57 0.5302702702702703 0.5341666666666667 0.5421621621621622 0.5325 0.5443243243243243 0.525 0.5410810810810811 0.5158333333333334 0.5362162162162162 0.51 0.5291891891891892 0.5091666666666667 0.5254054054054054 0.5291666666666667 0.5302702702702703 0.5341666666666667
48 0.8194594594594594 0.5158333333333334 0.8264864864864865 0.5241666666666667 0.8286486486486486 0.5308333333333334 0.8345945945945946 0.5316666666666666 0.8389189189189189 0.5216666666666666 0.847027027027027 0.5141666666666667 0.8497297297297297 0.505 0.8356756756756757 0.49833333333333335 0.8302702702702702 0.4825 0.8243243243243243 0.4825 0.8216216216216217 0.48583333333333334 0.8232432432432433 0.5 0.8194594594594594 0.5158333333333334
5 0.16378378378378378 0.525 0.16918918918918918 0.5325 0.17891891891891892 0.5375 0.2897297297297297 0.5408333333333334 0.29567567567567565 0.5375 0.2983783783783784 0.5316666666666666 0.29243243243243244 0.5058333333333334 0.2708108108108108 0.4625 0.25675675675675674 0.41833333333333333 0.24432432432432433 0.3983333333333333 0.23135135135135135 0.39166666666666666 0.2118918918918919 0.39916666666666667 0.17567567567567569 0.42833333333333334 0.15837837837837837 0.5025 0.15783783783783784 0.5083333333333333 0.16378378378378378 0.525
4 0.19567567567567568 0.47 0.20108108108108108 0.4675 0.20054054054054055 0.46166666666666667 0.19513513513513514 0.4608333333333333 0.19405405405405404 0.4675 0.19567567567567568 0.47
4 0.19567567567567568 0.44333333333333336 0.2 0.43916666666666665 0.1972972972972973 0.43416666666666665 0.19297297297297297 0.43583333333333335 0.19297297297297297 0.44083333333333335 0.19567567567567568 0.44333333333333336
4 0.23297297297297298 0.4275 0.23459459459459459 0.42 0.23243243243243245 0.4175 0.22864864864864864 0.4191666666666667 0.2281081081081081 0.425 0.23297297297297298 0.4275
4 0.2619567567567568 0.4905 0.0072594594594594325 0.01046666666666662
4 0.2831513513513514 0.5161333333333333 0.007027027027027027 0.01046666666666662
23 0.010643243243243243 0.5234583333333334 0.013713513513513511 0.018916666666666703
22 0.058275675675675674 0.4446083333333333 0.03463783783783783 0.05479166666666667
63 0.2303945945945946 0.5950916666666667 0.4607837837837838 0.1187833333333333
32 0.7235405405405405 0.65185 0.5233135135135135 0.23034166666666672
0 0.7289243243243243 0.9731916666666666 0.30917297297297286 0.05360833333333327