44 0.9997297297297297 0.930525 0.0005405405405405405 0.13728333333333315
14 0.10234594594594595 0.7196666666666667 0.05317297297297298 0.06620833333333337
61 0.33525405405405406 0.80085 0.03677837837837836 0.030891666666666612
44 0.4696 0.5094500000000001 0.02838918918918918 0.029541666666666706
59 0.5028594594594594 0.5504916666666667 0.0718540540540541 0.17713333333333328
22 0.3648162162162162 0.3700833333333334 0.035610810810810745 0.061291666666666626
22 0.40261081081081085 0.371475 0.03760540540540537 0.05656666666666666
37 0.44972432432432435 0.30804166666666666 0.03445405405405406 0.037083333333333336
58 0.5025675675675676 0.37488333333333335 0.1558216216216216 0.12093333333333338
3 0.19734054054054054 0.9352166666666667 0.025216216216216204 0.042533333333333305
63 0.2253945945945946 0.5202583333333333 0.4507783783783784 0.11299999999999992
63 0.07819999999999999 0.8440416666666668 0.14997297297297296 0.1746333333333334
64 0.6870918918918918 0.669025 0.14651891891891888 0.3031916666666666
5 0.844081081081081 0.8625666666666666 0.14748108108108116 0.14034166666666664
4 0.8133621621621622 0.8500666666666666 0.010356756756756678 0.016599999999999965
4 0.7925297297297298 0.9057833333333334 0.009745945945946055 0.017291666666666667
4 0.8329243243243244 0.88785 0.009713513513513405 0.015041666666666818
4 0.8541567567567568 0.8447166666666667 0.008567567567567519 0.017766666666666615
4 0.8471027027027027 0.91335 0.009854054054054064 0.014625000000000152
4 0.8884810810810811 0.914325 0.013075675675675705 0.018541666666666668
37 0.6729081081081082 0.9767750000000001 0.03476216216216213 0.04059999999999983
63 0.1164918918918919 0.2850416666666667 0.23012972972972973 0.359925
4 0.34838918918918915 0.17034166666666667 0.01909189189189186 0.03296666666666667
23 0.36905945945945945 0.17104999999999998 0.018691891891891854 0.029924999999999972
6 0.3927027027027027 0.17181666666666667 0.02679459459459456 0.033674999999999976
40 0.42670270270270266 0.16994166666666669 0.0392378378378378 0.035400000000000015
28 0.4537135135135135 0.16824166666666665 0.01715135135135136 0.03608333333333334
49 0.4779945945945946 0.16824166666666665 0.029843243243243264 0.03608333333333334
31 0.5016756756756757 0.16965000000000002 0.015378378378378403 0.039224999999999996
29 0.5314432432432432 0.16773333333333335 0.04047567567567561 0.03208333333333333