44 0.5292810810810811 0.5100083333333333 0.029572972972972993 0.029775000000000017
36 0.36 0.5091666666666667 0.011891891891891892 0.015
23 0.6324324324324324 0.1725 0.017297297297297298 0.02666666666666667
40 0.5748648648648649 0.16916666666666666 0.03945945945945946 0.028333333333333332
49 0.5372972972972972 0.16083333333333333 0.5351351351351351 0.15666666666666668 0.5324324324324324 0.15333333333333332 0.52 0.1525 0.514054054054054 0.15416666666666667 0.5102702702702703 0.15666666666666668 0.5081081081081081 0.16083333333333333 0.5097297297297297 0.18333333333333332 0.5113513513513513 0.185 0.5156756756756756 0.185 0.5162162162162162 0.18583333333333332 0.5243243243243243 0.18583333333333332 0.5335135135135135 0.1825 0.534054054054054 0.17583333333333334 0.5372972972972972 0.16416666666666666 0.5372972972972972 0.16083333333333333
31 0.5070270270270271 0.16833333333333333 0.5054054054054054 0.16166666666666665 0.5016216216216216 0.15333333333333332 0.49783783783783786 0.15166666666666667 0.49405405405405406 0.15416666666666667 0.4908108108108108 0.16333333333333333 0.49027027027027026 0.17 0.4897297297297297 0.17083333333333334 0.49027027027027026 0.17666666666666667 0.492972972972973 0.1825 0.49567567567567566 0.185 0.49891891891891893 0.18583333333333332 0.49945945945945946 0.185 0.5016216216216216 0.185 0.5043243243243243 0.1825 0.5070270270270271 0.17666666666666667 0.5070270270270271 0.16833333333333333
29 0.4875675675675676 0.1775 0.4864864864864865 0.17666666666666667 0.4843243243243243 0.17833333333333334 0.4783783783783784 0.17833333333333334 0.47135135135135137 0.17416666666666666 0.4627027027027027 0.17583333333333334 0.4616216216216216 0.175 0.4589189189189189 0.16416666666666666 0.4589189189189189 0.16 0.4562162162162162 0.15416666666666667 0.4535135135135135 0.1525 0.4502702702702703 0.1525 0.4481081081081081 0.15583333333333332 0.4481081081081081 0.16083333333333333 0.4502702702702703 0.16333333333333333 0.45297297297297295 0.1775 0.45513513513513515 0.18166666666666667 0.4594594594594595 0.185 0.48324324324324325 0.185 0.4875675675675676 0.18166666666666667 0.4875675675675676 0.1775
4 0.6621621621621622 0.17333333333333334 0.6616216216216216 0.16666666666666666 0.6583783783783784 0.15916666666666668 0.6508108108108108 0.1525 0.6508108108108108 0.15333333333333332 0.6437837837837838 0.16083333333333333 0.6421621621621622 0.16416666666666666 0.6410810810810811 0.16916666666666666 0.6416216216216216 0.17666666666666667 0.6470270270270271 0.185 0.6486486486486487 0.185 0.6491891891891892 0.18583333333333332 0.6545945945945946 0.18583333333333332 0.6578378378378379 0.18333333333333332 0.6610810810810811 0.1775 0.6621621621621622 0.17333333333333334
6 0.6194594594594595 0.17333333333333334 0.6189189189189189 0.16583333333333333 0.6145945945945946 0.15833333333333333 0.6113513513513513 0.15583333333333332 0.605945945945946 0.155 0.6021621621621621 0.1525 0.5983783783783784 0.1525 0.5967567567567568 0.15333333333333332 0.5951351351351352 0.15666666666666668 0.5956756756756757 0.16583333333333333 0.5989189189189189 0.17666666666666667 0.6027027027027027 0.1825 0.607027027027027 0.18583333333333332 0.6135135135135135 0.18583333333333332 0.6156756756756757 0.185 0.6183783783783784 0.18166666666666667 0.6189189189189189 0.17416666666666666 0.6194594594594595 0.17333333333333334
28 0.5540540540540541 0.1775 0.552972972972973 0.17416666666666666 0.5491891891891892 0.17 0.5410810810810811 0.16916666666666666 0.5394594594594595 0.17083333333333334 0.5394594594594595 0.17166666666666666 0.5383783783783784 0.17333333333333334 0.5383783783783784 0.1775 0.5405405405405406 0.18166666666666667 0.5454054054054054 0.185 0.5497297297297298 0.18583333333333332 0.5513513513513514 0.185 0.5535135135135135 0.18166666666666667 0.5540540540540541 0.1775
12 0.2583783783783784 0.5875 0.2583783783783784 0.5708333333333333 0.2524324324324324 0.5525 0.24432432432432433 0.5408333333333334 0.24216216216216216 0.5425 0.2308108108108108 0.5683333333333334 0.23027027027027028 0.5816666666666667 0.23243243243243245 0.5925 0.23567567567567568 0.5991666666666666 0.2437837837837838 0.6041666666666666 0.25405405405405407 0.6008333333333333 0.2583783783783784 0.5875
58 0.48162162162162164 0.6858333333333333 0.48324324324324325 0.6783333333333333 0.47243243243243244 0.665 0.4486486486486487 0.645 0.40486486486486484 0.595 0.39837837837837836 0.5908333333333333 0.3886486486486487 0.5908333333333333 0.3810810810810811 0.5975 0.3810810810810811 0.6091666666666666 0.3854054054054054 0.6158333333333333 0.3956756756756757 0.6191666666666666 0.40054054054054056 0.6258333333333334 0.40216216216216216 0.6333333333333333 0.39135135135135135 0.6625 0.3827027027027027 0.67 0.3643243243243243 0.6675 0.35081081081081084 0.6716666666666666 0.34594594594594597 0.67 0.3291891891891892 0.6883333333333334 0.3286486486486486 0.6933333333333334 0.33405405405405403 0.7016666666666667 0.3589189189189189 0.7016666666666667 0.3654054054054054 0.71 0.3654054054054054 0.72 0.3691891891891892 0.72 0.38216216216216214 0.71 0.3886486486486487 0.6983333333333334 0.39513513513513515 0.6766666666666666 0.4072972972972973 0.6633333333333333 0.4243243243243243 0.6666666666666666 0.4578378378378378 0.6833333333333333 0.4735135135135135 0.6866666666666666 0.48162162162162164 0.6858333333333333
58 0.9969113513513513 0.6202383333333333 0.9366794594594594 0.5535716666666666 0.9104248648648648 0.5738091666666667 0.9389962162162162 0.6119049999999999 0.8895751351351351 0.6392858333333333 0.8779924324324324 0.6678575 0.9050194594594595 0.6833333333333333 0.9305021621621622 0.6714283333333334 0.9482627027027027 0.6321425 0.9922778378378379 0.6523808333333333 0.9969113513513513 0.6202383333333333
63 0.7205135135135136 0.8875583333333332 0.5535351351351351 0.11565833333333331