48 0.6227027027027027 0.5125 0.6232432432432432 0.5025 0.614054054054054 0.5041666666666667 0.6064864864864865 0.4841666666666667 0.6 0.4825 0.5967567567567568 0.48583333333333334 0.5983783783783784 0.49916666666666665 0.5940540540540541 0.5141666666666667 0.6005405405405405 0.5225 0.6032432432432432 0.5325 0.6097297297297297 0.5316666666666666 0.6227027027027027 0.5125
7 0.5881081081081081 0.5058333333333334 0.5875675675675676 0.49666666666666665 0.5837837837837838 0.4925 0.5702702702702702 0.49666666666666665 0.5567567567567567 0.4866666666666667 0.5518918918918919 0.49 0.5502702702702703 0.49833333333333335 0.5605405405405406 0.5116666666666667 0.5783783783783784 0.5125 0.5881081081081081 0.5058333333333334
37 0.6491891891891892 0.4683333333333333 0.6432432432432432 0.455 0.6351351351351351 0.46 0.6297297297297297 0.47 0.6297297297297297 0.4816666666666667 0.632972972972973 0.48583333333333334 0.6470270270270271 0.4875 0.6583783783783784 0.47833333333333333 0.6583783783783784 0.47333333333333333 0.6491891891891892 0.4683333333333333
40 0.5503837837837838 0.5230416666666666 0.026264864864864883 0.019449999999999933
25 0.52 0.5166666666666667 0.5145945945945946 0.48833333333333334 0.5037837837837837 0.48333333333333334 0.4983783783783784 0.48583333333333334 0.4918918918918919 0.5083333333333333 0.4810810810810811 0.5166666666666667 0.4827027027027027 0.5291666666666667 0.5021621621621621 0.5325 0.5167567567567568 0.5291666666666667 0.52 0.5166666666666667
57 0.4745945945945946 0.525 0.47135135135135137 0.5108333333333334 0.4664864864864865 0.5091666666666667 0.46054054054054056 0.5133333333333333 0.4556756756756757 0.525 0.4562162162162162 0.53 0.4610810810810811 0.5341666666666667 0.47243243243243244 0.5325 0.4745945945945946 0.525
48 0.5459459459459459 0.515 0.547027027027027 0.505 0.5416216216216216 0.5066666666666667 0.5302702702702703 0.4841666666666667 0.5248648648648648 0.48333333333333334 0.5210810810810811 0.4875 0.5232432432432432 0.5058333333333334 0.5210810810810811 0.5166666666666667 0.5297297297297298 0.5275 0.5362162162162162 0.5275 0.5459459459459459 0.515
5 0.8427027027027028 0.5091666666666667 0.8405405405405405 0.49333333333333335 0.8313513513513513 0.4716666666666667 0.8324324324324325 0.46166666666666667 0.8275675675675676 0.455 0.8286486486486486 0.44583333333333336 0.8227027027027027 0.43833333333333335 0.8216216216216217 0.4266666666666667 0.8189189189189189 0.4216666666666667 0.8108108108108109 0.4166666666666667 0.8064864864864865 0.41833333333333333 0.8 0.415 0.7918918918918919 0.4 0.7702702702702703 0.3908333333333333 0.7518918918918919 0.4025 0.7443243243243243 0.4175 0.7183783783783784 0.4891666666666667 0.7118918918918918 0.49416666666666664 0.7048648648648649 0.5091666666666667 0.7005405405405405 0.53 0.7048648648648649 0.5325 0.8254054054054054 0.5316666666666666 0.8335135135135135 0.5275 0.8427027027027028 0.5091666666666667
22 0.9594594594594594 0.45416666666666666 0.9594594594594594 0.435 0.9508108108108108 0.42333333333333334 0.9372972972972973 0.41583333333333333 0.9340540540540541 0.4241666666666667 0.9264864864864865 0.4275 0.9243243243243243 0.44666666666666666 0.9308108108108109 0.455 0.9335135135135135 0.4691666666666667 0.94 0.4716666666666667 0.9513513513513514 0.4658333333333333 0.9545945945945946 0.45666666666666667 0.9594594594594594 0.45416666666666666
4 0.8059459459459459 0.4675 0.8048648648648649 0.4608333333333333 0.7994594594594595 0.46166666666666667 0.798918918918919 0.4675 0.8043243243243243 0.47 0.8059459459459459 0.4675
4 0.8075675675675675 0.43916666666666665 0.807027027027027 0.43583333333333335 0.8027027027027027 0.43416666666666665 0.8 0.43916666666666665 0.8043243243243243 0.44333333333333336 0.8075675675675675 0.43916666666666665
4 0.7718918918918919 0.425 0.7713513513513514 0.4191666666666667 0.7675675675675676 0.4175 0.7654054054054054 0.42 0.7670270270270271 0.4275 0.7718918918918919 0.425
4 0.7378 0.49127499999999996 0.006762162162162034 0.009525000000000053
4 0.717064864864865 0.5162166666666667 0.00705945945945943 0.011333333333333258