8 0.08247567567567568 0.6072833333333333 0.05196756756756756 0.07162500000000004
6 0.2478054054054054 0.6296666666666667 0.015594594594594608 0.020074999999999933
8 0.4913567567567568 0.5899083333333334 0.04887027027027031 0.0762166666666667
23 0.5784918918918919 0.6285666666666666 0.012227027027026969 0.01675833333333325
23 0.5976918918918919 0.6203166666666666 0.009902702702702791 0.01706666666666668
23 0.6180540540540541 0.627275 0.012810810810810713 0.01976666666666669
23 0.5226108108108108 0.6200333333333333 0.014443243243243259 0.017625000000000075
27 0.455372972972973 0.5336833333333333 0.036545945945945894 0.041141666666666576
44 0.4680324324324324 0.5080166666666667 0.025497297297297338 0.030158333333333377
67 0.47110270270270266 0.48231666666666667 0.02582162162162161 0.014649999999999939
36 0.389572972972973 0.4472416666666667 0.013302702702702649 0.01625
28 0.3362702702702703 0.30343333333333333 0.029627027027027 0.06395
28 0.4275243243243243 0.21982500000000002 0.024151351351351387 0.059516666666666655
28 0.5976702702702703 0.15291666666666667 0.021097297297297406 0.054050000000000015
20 0.5088918918918919 0.31035833333333335 0.06929189189189192 0.12413333333333336
36 0.6955837837837837 0.17478333333333335 0.011583783783783694 0.020899999999999988
22 0.7415459459459459 0.5480166666666667 0.03652972972972969 0.06252499999999998
59 0.37424324324324326 0.7094 0.07280000000000003 0.15380833333333327
63 0.7435567567567567 0.6956 0.5108108108108108 0.11721666666666673
63 0.7215405405405405 0.7939166666666667 0.22143783783783777 0.2665916666666666
32 0.7201027027027027 0.959375 0.3032054054054053 0.055324999999999895
32 0.5694918918918919 0.9013666666666668 0.0753621621621622 0.056291666666666816
63 0.14944864864864865 0.8178 0.2935999999999999 0.35936666666666667
63 0.14907027027027026 0.7994833333333333 0.21348648648648652 0.21924166666666658
32 0.3165891891891892 0.8482333333333333 0.031924324324324294 0.30100000000000005
33 0.24055135135135133 0.2552833333333333 0.046205405405405416 0.046516666666666706