45 0.713891891891892 0.16843333333333332 0.018545945945945917 0.03636666666666666
25 0.6879567567567568 0.16853333333333334 0.03214054054054056 0.037541666666666675
13 0.6401081081081081 0.16766666666666666 0.061156756756756685 0.03606666666666664
66 0.5920162162162163 0.16893333333333332 0.03175675675675676 0.034899999999999994
62 0.5502594594594594 0.16805 0.05 0.034375
15 0.5109243243243243 0.16854166666666667 0.02661081081081082 0.03659166666666664
55 0.48850270270270274 0.16835 0.01863783783783785 0.03744166666666667
48 0.4619621621621622 0.16847499999999999 0.03285405405405404 0.03398333333333336
14 0.4318378378378379 0.16859166666666667 0.023086486486486507 0.034216666666666666
56 0.4018540540540541 0.16871666666666668 0.032021621621621504 0.030758333333333353
50 0.7083081081081081 0.204025 0.038529729729729595 0.029725000000000012
34 0.6601189189189189 0.20424166666666668 0.0483729729729731 0.033866666666666656
16 0.5991189189189189 0.20283333333333334 0.06701081081081095 0.029816666666666693
44 0.5464594594594595 0.20381666666666665 0.0305135135135136 0.03425833333333334
27 0.5162216216216217 0.20385 0.028491891891891913 0.03556666666666663
24 0.48695135135135137 0.20405 0.02453513513513519 0.03471666666666664
47 0.4481081081081081 0.20450000000000002 0.0477351351351351 0.03563333333333332
52 0.4016054054054054 0.2030833333333333 0.038983783783783726 0.030200000000000008
51 0.7206594594594595 0.23989166666666667 0.035854054054054015 0.03352500000000001
11 0.6825135135135135 0.239275 0.04124324324324334 0.03475833333333336
17 0.6169459459459459 0.2378333333333333 0.08722702702702696 0.029408333333333304
41 0.5567945945945947 0.23694999999999997 0.028621621621621584 0.02887499999999998
38 0.5194702702702703 0.2394666666666667 0.041221621621621615 0.033916666666666706
65 0.478227027027027 0.2401 0.03557297297297295 0.028991666666666638
35 0.4442486486486486 0.24035 0.02339999999999998 0.034441666666666704
9 0.4157189189189189 0.24081666666666668 0.02597837837837835 0.031674999999999995
46 0.38509729729729736 0.24173333333333333 0.02792972972972977 0.03350000000000004
2 0.6509351351351351 0.27415833333333334 0.03949729729729714 0.03411666666666671
1 0.6140324324324324 0.2736166666666666 0.02917837837837839 0.03427499999999999
10 0.5821675675675676 0.274125 0.024794594594594536 0.03281666666666666
26 0.5469567567567567 0.27489166666666665 0.03833513513513511 0.033116666666666676
18 0.4952540540540541 0.27434166666666665 0.053897297297297315 0.036041666666666666
42 0.4519675675675676 0.27493333333333336 0.032005405405405425 0.03073333333333333
36 0.45671351351351347 0.8825 0.014502702702702663 0.01802500000000009
48 0.13935675675675674 0.5118416666666668 0.04068648648648648 0.047683333333333355
36 0.01712432432432436 0.8089500000000001 0.013135135135135234 0.017858333333333386